ctit091
Thu Aug 31 10:56:01 2023       
+-----------------------------------------------------------------------------+
| NVIDIA-SMI 515.86.01    Driver Version: 515.86.01    CUDA Version: 11.7     |
|-------------------------------+----------------------+----------------------+
| GPU  Name        Persistence-M| Bus-Id        Disp.A | Volatile Uncorr. ECC |
| Fan  Temp  Perf  Pwr:Usage/Cap|         Memory-Usage | GPU-Util  Compute M. |
|                               |                      |               MIG M. |
|===============================+======================+======================|
|   0  NVIDIA A40          On   | 00000000:3B:00.0 Off |                    0 |
|  0%   45C    P8    37W / 300W |      0MiB / 46068MiB |      0%      Default |
|                               |                      |                  N/A |
+-------------------------------+----------------------+----------------------+
|   1  NVIDIA A40          On   | 00000000:5E:00.0 Off |                    0 |
|  0%   44C    P8    38W / 300W |      0MiB / 46068MiB |      0%      Default |
|                               |                      |                  N/A |
+-------------------------------+----------------------+----------------------+
|   2  NVIDIA A40          On   | 00000000:B1:00.0 Off |                    0 |
|  0%   45C    P8    38W / 300W |      0MiB / 46068MiB |      0%      Default |
|                               |                      |                  N/A |
+-------------------------------+----------------------+----------------------+
|   3  NVIDIA A40          On   | 00000000:D9:00.0 Off |                    0 |
|  0%   44C    P8    38W / 300W |      0MiB / 46068MiB |      0%      Default |
|                               |                      |                  N/A |
+-------------------------------+----------------------+----------------------+
                                                                               
+-----------------------------------------------------------------------------+
| Processes:                                                                  |
|  GPU   GI   CI        PID   Type   Process name                  GPU Memory |
|        ID   ID                                                   Usage      |
|=============================================================================|
|  No running processes found                                                 |
+-----------------------------------------------------------------------------+
Date              = Thu Aug 31 10:56:02 CEST 2023
Hostname          = ctit091
Working Directory = /local/232610
Number of nodes used        : 1
Number of MPI tasks         : 1
Number of threads           : 16
Number of MPI tasks per node: 1
Number of threads per core  : 
Name of nodes used          : ctit091
Gpu devices                 : 0
Starting worker: 
GPU memory used: 35445.4375 MB
GPU memory used: 34.61468505859375 GB
sigma_init_yu: 0.5186061861625911	sigma_init_yf: 13.895587327769805	sigma_init: 7.276898114979327
new_sigma_init_yu: 0.5186061861625911	new_sigma_init_yf: 0.4677080991465299	new_sigma_init: 0.4783760210659283
zz_uu:  [[0.26884362 0.13438899 0.15823363 0.08627941]
 [0.13438899 0.26884362 0.05792986 0.15157101]
 [0.15823363 0.05792986 0.26884362 0.01897103]
 [0.08627941 0.15157101 0.01897103 0.26884362]]
zz_uf:  [[-0.73498946  0.55324284  1.59672723 -0.64059263]
 [-0.43753002  0.17063826  0.4994015  -0.10563665]
 [-0.54400142 -0.62543924  1.52428871  0.37452092]
 [ 1.17960617  0.42657234  0.10217382 -0.20207301]]
zg_uf:  [[ 1.10849664e+00 -6.38309325e-01  3.47476507e-01]
 [ 1.75750394e+00 -5.42315909e-01  6.45566553e-01]
 [ 6.25588673e-01  9.88019847e-01 -7.41025648e-04]
 [-3.46884710e-01 -3.86997685e-01  1.92424874e+00]]
zz_fu:  [[-0.73498946 -0.43753002 -0.54400142  1.17960617]
 [ 0.55324284  0.17063826 -0.62543924  0.42657234]
 [ 1.59672723  0.4994015   1.52428871  0.10217382]
 [-0.64059263 -0.10563665  0.37452092 -0.20207301]]
zz_ff:  [[ 48.5381038    7.20974576 -10.47302908   4.53409618]
 [  7.20974576  48.5381038  -21.73327469  -0.18052455]
 [-10.47302908 -21.73327469  48.5381038  -19.98415261]
 [  4.53409618  -0.18052455 -19.98415261  48.5381038 ]]
zg_ff:  [[-12.04664377   4.94411249   1.72793508]
 [ -2.92073084  -1.50892737   0.56350959]
 [  2.79863382 -15.48781301  -0.71054228]
 [ -7.98654845  46.45908833  -0.56493659]]
gz_fu:  [[ 0.21848291  1.38812     0.03734263 -0.45529936]
 [-0.64392777 -0.09805867  0.38005159 -0.29592062]
 [-0.10424546 -0.03926409 -0.09562705  1.02271495]]
gz_ff:  [[-12.04664377  -2.92073084   2.79863382  -7.98654845]
 [  4.94411249  -1.50892737 -15.48781301  46.45908833]
 [  1.72793508   0.56350959  -0.71054228  -0.56493659]]
gg_ff:  [[ 48.5381038   -8.56691782 -20.02719696]
 [ -8.56691782  48.5381038   -1.34390489]
 [-20.02719696  -1.34390489  48.5381038 ]]
K:  [[ 2.68843618e-01  1.34388990e-01  1.58233627e-01  8.62794065e-02
  -7.34989463e-01  5.53242840e-01  1.59672723e+00 -6.40592628e-01
   1.10849664e+00 -6.38309325e-01  3.47476507e-01]
 [ 1.34388990e-01  2.68843618e-01  5.79298587e-02  1.51571007e-01
  -4.37530017e-01  1.70638259e-01  4.99401501e-01 -1.05636654e-01
   1.75750394e+00 -5.42315909e-01  6.45566553e-01]
 [ 1.58233627e-01  5.79298587e-02  2.68843618e-01  1.89710285e-02
  -5.44001423e-01 -6.25439239e-01  1.52428871e+00  3.74520917e-01
   6.25588673e-01  9.88019847e-01 -7.41025648e-04]
 [ 8.62794065e-02  1.51571007e-01  1.89710285e-02  2.68843618e-01
   1.17960617e+00  4.26572344e-01  1.02173818e-01 -2.02073010e-01
  -3.46884710e-01 -3.86997685e-01  1.92424874e+00]
 [-7.34989463e-01 -4.37530017e-01 -5.44001423e-01  1.17960617e+00
   4.85381038e+01  7.20974576e+00 -1.04730291e+01  4.53409618e+00
  -1.20466438e+01  4.94411249e+00  1.72793508e+00]
 [ 5.53242840e-01  1.70638259e-01 -6.25439239e-01  4.26572344e-01
   7.20974576e+00  4.85381038e+01 -2.17332747e+01 -1.80524546e-01
  -2.92073084e+00 -1.50892737e+00  5.63509592e-01]
 [ 1.59672723e+00  4.99401501e-01  1.52428871e+00  1.02173818e-01
  -1.04730291e+01 -2.17332747e+01  4.85381038e+01 -1.99841526e+01
   2.79863382e+00 -1.54878130e+01 -7.10542279e-01]
 [-6.40592628e-01 -1.05636654e-01  3.74520917e-01 -2.02073010e-01
   4.53409618e+00 -1.80524546e-01 -1.99841526e+01  4.85381038e+01
  -7.98654845e+00  4.64590883e+01 -5.64936585e-01]
 [ 2.18482910e-01  1.38812000e+00  3.73426283e-02 -4.55299362e-01
  -1.20466438e+01 -2.92073084e+00  2.79863382e+00 -7.98654845e+00
   4.85381038e+01 -8.56691782e+00 -2.00271970e+01]
 [-6.43927766e-01 -9.80586681e-02  3.80051591e-01 -2.95920618e-01
   4.94411249e+00 -1.50892737e+00 -1.54878130e+01  4.64590883e+01
  -8.56691782e+00  4.85381038e+01 -1.34390489e+00]
 [-1.04245456e-01 -3.92640936e-02 -9.56270498e-02  1.02271495e+00
   1.72793508e+00  5.63509592e-01 -7.10542279e-01 -5.64936585e-01
  -2.00271970e+01 -1.34390489e+00  4.85381038e+01]]
K.shape:  (11, 11)
logdet:  15.813611235939103
K_inv_Y:  [[ 0.30848473]
 [-2.73698017]
 [-0.42079481]
 [ 0.26970523]
 [-0.03470922]
 [ 0.05218844]
 [ 0.17754883]
 [ 1.38196437]
 [-0.1429298 ]
 [-1.38232412]
 [ 0.28743765]]
signed_logdet:  15.813611235939103
Script finished in 0 minutes and 20 seconds.
