ctit091
Thu Aug 31 01:03:30 2023       
+-----------------------------------------------------------------------------+
| NVIDIA-SMI 515.86.01    Driver Version: 515.86.01    CUDA Version: 11.7     |
|-------------------------------+----------------------+----------------------+
| GPU  Name        Persistence-M| Bus-Id        Disp.A | Volatile Uncorr. ECC |
| Fan  Temp  Perf  Pwr:Usage/Cap|         Memory-Usage | GPU-Util  Compute M. |
|                               |                      |               MIG M. |
|===============================+======================+======================|
|   0  NVIDIA A40          On   | 00000000:3B:00.0 Off |                    0 |
|  0%   44C    P8    36W / 300W |      0MiB / 46068MiB |      0%      Default |
|                               |                      |                  N/A |
+-------------------------------+----------------------+----------------------+
|   1  NVIDIA A40          On   | 00000000:5E:00.0 Off |                    0 |
|  0%   45C    P8    38W / 300W |      0MiB / 46068MiB |      0%      Default |
|                               |                      |                  N/A |
+-------------------------------+----------------------+----------------------+
|   2  NVIDIA A40          On   | 00000000:B1:00.0 Off |                    0 |
|  0%   45C    P8    38W / 300W |      0MiB / 46068MiB |      0%      Default |
|                               |                      |                  N/A |
+-------------------------------+----------------------+----------------------+
|   3  NVIDIA A40          On   | 00000000:D9:00.0 Off |                    0 |
|  0%   44C    P8    38W / 300W |      0MiB / 46068MiB |      0%      Default |
|                               |                      |                  N/A |
+-------------------------------+----------------------+----------------------+
                                                                               
+-----------------------------------------------------------------------------+
| Processes:                                                                  |
|  GPU   GI   CI        PID   Type   Process name                  GPU Memory |
|        ID   ID                                                   Usage      |
|=============================================================================|
|  No running processes found                                                 |
+-----------------------------------------------------------------------------+
Date              = Thu Aug 31 01:03:31 CEST 2023
Hostname          = ctit091
Working Directory = /local/232574
Number of nodes used        : 1
Number of MPI tasks         : 1
Number of threads           : 16
Number of MPI tasks per node: 1
Number of threads per core  : 
Name of nodes used          : ctit091
Gpu devices                 : 0
Starting worker: 
GPU memory used: 35445.4375 MB
GPU memory used: 34.61468505859375 GB
sigma_init_yu: 0.416939731023939	sigma_init_yf: 12.285721128210179	sigma_init: 6.293898648627159
new_sigma_init_yu: 0.416939731023939	new_sigma_init_yf: 0.7852597163018831	new_sigma_init: 0.8239096820852142
zz_uu:  [[0.71882716 0.06539561 0.55940427 0.59099193 0.63285804]
 [0.06539561 0.71882716 0.06871572 0.0948544  0.10330465]
 [0.55940427 0.06871572 0.71882716 0.66697081 0.45042716]
 [0.59099193 0.0948544  0.66697081 0.71882716 0.51051667]
 [0.63285804 0.10330465 0.45042716 0.51051667 0.71882716]]
zz_uf:  [[-1.2810179  -1.40357963 -1.04589092 -0.53097405 -0.18390009 -1.2810179
  -1.0063693   0.9533363   3.27702839  3.33928552  3.33928552  2.35979481
   0.96715175  0.15647988 -0.04378027]
 [ 0.38184726  0.90158438  1.35375923  1.20025466  0.46816503  0.38184726
   0.71376133  0.67894257  0.31724547 -0.00370612 -0.00370612 -0.13082973
  -0.51718773 -1.08399354 -1.39774378]
 [-1.15806683 -1.31957943 -0.96757176 -0.46770786 -0.15096942 -1.15806683
   0.80070694  3.0790125   3.04431986  0.74048273  0.74048273  0.0224154
  -0.34360005 -0.28185153 -0.11762629]
 [-1.11735657 -1.40041795 -1.136292   -0.60966399 -0.21881452 -1.11735657
   0.74779155  3.13911077  3.38128875  1.17165767  1.17165767  0.42344615
  -0.1759247  -0.28268035 -0.15016869]
 [-0.95673356 -1.29473182 -1.19343739 -0.75034236 -0.32212961 -0.95673356
  -0.84786402  0.7052764   2.93784617  3.4980751   3.4980751   3.28962095
   1.92660526  0.62476429  0.05290246]]
zg_uf:  [[-1.34928816 -0.91009205  0.87214129  0.55375318 -0.08597265]
 [-0.01430265  0.1320959   1.82888565  1.64642405  2.75589408]
 [ 0.10492667 -0.01543441  1.67068847  0.41971254  0.25647348]
 [-0.23936752 -0.24512743  1.97196675  0.61450773  0.2879419 ]
 [-1.53206029 -1.20941418  0.66948078  0.89730654 -0.27767448]]
zz_fu:  [[-1.2810179   0.38184726 -1.15806683 -1.11735657 -0.95673356]
 [-1.40357963  0.90158438 -1.31957943 -1.40041795 -1.29473182]
 [-1.04589092  1.35375923 -0.96757176 -1.136292   -1.19343739]
 [-0.53097405  1.20025466 -0.46770786 -0.60966399 -0.75034236]
 [-0.18390009  0.46816503 -0.15096942 -0.21881452 -0.32212961]
 [-1.2810179   0.38184726 -1.15806683 -1.11735657 -0.95673356]
 [-1.0063693   0.71376133  0.80070694  0.74779155 -0.84786402]
 [ 0.9533363   0.67894257  3.0790125   3.13911077  0.7052764 ]
 [ 3.27702839  0.31724547  3.04431986  3.38128875  2.93784617]
 [ 3.33928552 -0.00370612  0.74048273  1.17165767  3.4980751 ]
 [ 3.33928552 -0.00370612  0.74048273  1.17165767  3.4980751 ]
 [ 2.35979481 -0.13082973  0.0224154   0.42344615  3.28962095]
 [ 0.96715175 -0.51718773 -0.34360005 -0.1759247   1.92660526]
 [ 0.15647988 -1.08399354 -0.28185153 -0.28268035  0.62476429]
 [-0.04378027 -1.39774378 -0.11762629 -0.15016869  0.05290246]]
zz_ff:  [[ 5.43002176e+01  4.37390476e+01  2.27399127e+01  7.48325689e+00
   1.47959364e+00  5.43002176e+01  2.11808838e+01 -2.39747098e+01
  -2.36659815e+01 -2.64320947e+00 -2.64320947e+00 -2.29678687e+00
  -1.48884643e+00 -7.00453554e-01 -2.32662367e-01]
 [ 4.37390476e+01  5.43002176e+01  4.37390476e+01  2.27399127e+01
   7.48325689e+00  4.37390476e+01  1.64698795e+01 -2.05537803e+01
  -1.99298259e+01 -2.29678687e+00 -2.29678687e+00 -2.64320947e+00
  -2.29678687e+00 -1.48884643e+00 -7.00453554e-01]
 [ 2.27399127e+01  4.37390476e+01  5.43002176e+01  4.37390476e+01
   2.27399127e+01  2.27399127e+01  7.52304771e+00 -1.28693026e+01
  -1.18852191e+01 -1.48884643e+00 -1.48884643e+00 -2.29678687e+00
  -2.64320947e+00 -2.29678687e+00 -1.48884643e+00]
 [ 7.48325689e+00  2.27399127e+01  4.37390476e+01  5.43002176e+01
   4.37390476e+01  7.48325689e+00  1.73319777e+00 -5.79437864e+00
  -4.99939773e+00 -7.00453554e-01 -7.00453554e-01 -1.48884643e+00
  -2.29678687e+00 -2.64320947e+00 -2.29678687e+00]
 [ 1.47959364e+00  7.48325689e+00  2.27399127e+01  4.37390476e+01
   5.43002176e+01  1.47959364e+00  1.05380149e-02 -1.84323727e+00
  -1.47529045e+00 -2.32662367e-01 -2.32662367e-01 -7.00453554e-01
  -1.48884643e+00 -2.29678687e+00 -2.64320947e+00]
 [ 5.43002176e+01  4.37390476e+01  2.27399127e+01  7.48325689e+00
   1.47959364e+00  5.43002176e+01  2.11808838e+01 -2.39747098e+01
  -2.36659815e+01 -2.64320947e+00 -2.64320947e+00 -2.29678687e+00
  -1.48884643e+00 -7.00453554e-01 -2.32662367e-01]
 [ 2.11808838e+01  1.64698795e+01  7.52304771e+00  1.73319777e+00
   1.05380149e-02  2.11808838e+01  5.43002176e+01  2.11808838e+01
  -2.39747098e+01 -2.36659815e+01 -2.36659815e+01 -1.99298259e+01
  -1.18852191e+01 -4.99939773e+00 -1.47529045e+00]
 [-2.39747098e+01 -2.05537803e+01 -1.28693026e+01 -5.79437864e+00
  -1.84323727e+00 -2.39747098e+01  2.11808838e+01  5.43002176e+01
   2.11808838e+01 -2.39747098e+01 -2.39747098e+01 -2.05537803e+01
  -1.28693026e+01 -5.79437864e+00 -1.84323727e+00]
 [-2.36659815e+01 -1.99298259e+01 -1.18852191e+01 -4.99939773e+00
  -1.47529045e+00 -2.36659815e+01 -2.39747098e+01  2.11808838e+01
   5.43002176e+01  2.11808838e+01  2.11808838e+01  1.64698795e+01
   7.52304771e+00  1.73319777e+00  1.05380149e-02]
 [-2.64320947e+00 -2.29678687e+00 -1.48884643e+00 -7.00453554e-01
  -2.32662367e-01 -2.64320947e+00 -2.36659815e+01 -2.39747098e+01
   2.11808838e+01  5.43002176e+01  5.43002176e+01  4.37390476e+01
   2.27399127e+01  7.48325689e+00  1.47959364e+00]
 [-2.64320947e+00 -2.29678687e+00 -1.48884643e+00 -7.00453554e-01
  -2.32662367e-01 -2.64320947e+00 -2.36659815e+01 -2.39747098e+01
   2.11808838e+01  5.43002176e+01  5.43002176e+01  4.37390476e+01
   2.27399127e+01  7.48325689e+00  1.47959364e+00]
 [-2.29678687e+00 -2.64320947e+00 -2.29678687e+00 -1.48884643e+00
  -7.00453554e-01 -2.29678687e+00 -1.99298259e+01 -2.05537803e+01
   1.64698795e+01  4.37390476e+01  4.37390476e+01  5.43002176e+01
   4.37390476e+01  2.27399127e+01  7.48325689e+00]
 [-1.48884643e+00 -2.29678687e+00 -2.64320947e+00 -2.29678687e+00
  -1.48884643e+00 -1.48884643e+00 -1.18852191e+01 -1.28693026e+01
   7.52304771e+00  2.27399127e+01  2.27399127e+01  4.37390476e+01
   5.43002176e+01  4.37390476e+01  2.27399127e+01]
 [-7.00453554e-01 -1.48884643e+00 -2.29678687e+00 -2.64320947e+00
  -2.29678687e+00 -7.00453554e-01 -4.99939773e+00 -5.79437864e+00
   1.73319777e+00  7.48325689e+00  7.48325689e+00  2.27399127e+01
   4.37390476e+01  5.43002176e+01  4.37390476e+01]
 [-2.32662367e-01 -7.00453554e-01 -1.48884643e+00 -2.29678687e+00
  -2.64320947e+00 -2.32662367e-01 -1.47529045e+00 -1.84323727e+00
   1.05380149e-02  1.47959364e+00  1.47959364e+00  7.48325689e+00
   2.27399127e+01  4.37390476e+01  5.43002176e+01]]
zg_ff:  [[ 36.69057845  26.46798503  -8.20794228  -1.86865789   1.74151344]
 [ 43.00893839  45.56247809 -15.63424617  -6.22085794   7.97370904]
 [ 32.32711841  50.59920718 -21.64588816 -14.5482034   20.53367233]
 [ 15.42318636  36.35082438 -22.09863218 -24.05262882  32.47746024]
 [  4.50951153  16.74084257 -16.65334752 -28.24444115  32.37822057]
 [ 36.69057845  26.46798503  -8.20794228  -1.86865789   1.74151344]
 [ 39.42219391  17.59837978   4.35652786  -1.52055447   3.36930822]
 [ -3.57178681 -10.27958147  12.78566013   0.75259859  -0.74514138]
 [-26.02719449 -16.61687237   2.90258785   1.38634314  -3.73303074]
 [-12.15373183  -4.76233967  -8.79938257  -0.73637316  -2.22542522]
 [-12.15373183  -4.76233967  -8.79938257  -0.73637316  -2.22542522]
 [-13.7304394   -7.19061006 -17.04913307  -1.15884246  -6.29386151]
 [-11.03048764  -7.78718044 -23.85872926  -0.13604281 -12.52458438]
 [ -6.28770084  -6.0571352  -24.3758134    2.65551923 -17.62277564]
 [ -2.53065332  -3.36973515 -18.19586144   4.27700238 -17.58239733]]
gz_fu:  [[-1.54752904  1.32939748 -0.68577789 -0.73880241 -1.45149682]
 [-1.28410374  1.7765987  -0.9587733  -1.10551013 -1.41580626]
 [-0.40154083  3.29225486  0.15728188  0.27112885 -0.57122022]
 [-0.08258657  0.83378909 -0.03699242 -0.0273527  -0.12032666]
 [-0.41927476  2.63746534 -0.22915108 -0.31698812 -0.69135904]]
gz_ff:  [[ 36.69057845  43.00893839  32.32711841  15.42318636   4.50951153
   36.69057845  39.42219391  -3.57178681 -26.02719449 -12.15373183
  -12.15373183 -13.7304394  -11.03048764  -6.28770084  -2.53065332]
 [ 26.46798503  45.56247809  50.59920718  36.35082438  16.74084257
   26.46798503  17.59837978 -10.27958147 -16.61687237  -4.76233967
   -4.76233967  -7.19061006  -7.78718044  -6.0571352   -3.36973515]
 [ -8.20794228 -15.63424617 -21.64588816 -22.09863218 -16.65334752
   -8.20794228   4.35652786  12.78566013   2.90258785  -8.79938257
   -8.79938257 -17.04913307 -23.85872926 -24.3758134  -18.19586144]
 [ -1.86865789  -6.22085794 -14.5482034  -24.05262882 -28.24444115
   -1.86865789  -1.52055447   0.75259859   1.38634314  -0.73637316
   -0.73637316  -1.15884246  -0.13604281   2.65551923   4.27700238]
 [  1.74151344   7.97370904  20.53367233  32.47746024  32.37822057
    1.74151344   3.36930822  -0.74514138  -3.73303074  -2.22542522
   -2.22542522  -6.29386151 -12.52458438 -17.62277564 -17.58239733]]
gg_ff:  [[ 54.30021763  43.45225116  -2.39434754  -5.54446671  11.43802142]
 [ 43.45225116  54.30021763 -12.29146786 -12.76184188  23.21845056]
 [ -2.39434754 -12.29146786  54.30021763  22.0557301    7.55280417]
 [ -5.54446671 -12.76184188  22.0557301   54.30021763 -21.76682521]
 [ 11.43802142  23.21845056   7.55280417 -21.76682521  54.30021763]]
K:  [[ 7.18827164e-01  6.53956082e-02  5.59404272e-01  5.90991932e-01
   6.32858039e-01 -1.28101790e+00 -1.40357963e+00 -1.04589092e+00
  -5.30974047e-01 -1.83900092e-01 -1.28101790e+00 -1.00636930e+00
   9.53336303e-01  3.27702839e+00  3.33928552e+00  3.33928552e+00
   2.35979481e+00  9.67151745e-01  1.56479879e-01 -4.37802697e-02
  -1.34928816e+00 -9.10092046e-01  8.72141291e-01  5.53753180e-01
  -8.59726548e-02]
 [ 6.53956082e-02  7.18827164e-01  6.87157156e-02  9.48544015e-02
   1.03304651e-01  3.81847261e-01  9.01584380e-01  1.35375923e+00
   1.20025466e+00  4.68165031e-01  3.81847261e-01  7.13761326e-01
   6.78942569e-01  3.17245475e-01 -3.70612452e-03 -3.70612452e-03
  -1.30829726e-01 -5.17187726e-01 -1.08399354e+00 -1.39774378e+00
  -1.43026479e-02  1.32095897e-01  1.82888565e+00  1.64642405e+00
   2.75589408e+00]
 [ 5.59404272e-01  6.87157156e-02  7.18827164e-01  6.66970810e-01
   4.50427160e-01 -1.15806683e+00 -1.31957943e+00 -9.67571755e-01
  -4.67707857e-01 -1.50969425e-01 -1.15806683e+00  8.00706939e-01
   3.07901250e+00  3.04431986e+00  7.40482730e-01  7.40482730e-01
   2.24154029e-02 -3.43600045e-01 -2.81851529e-01 -1.17626291e-01
   1.04926669e-01 -1.54344147e-02  1.67068847e+00  4.19712541e-01
   2.56473479e-01]
 [ 5.90991932e-01  9.48544015e-02  6.66970810e-01  7.18827164e-01
   5.10516672e-01 -1.11735657e+00 -1.40041795e+00 -1.13629200e+00
  -6.09663994e-01 -2.18814523e-01 -1.11735657e+00  7.47791551e-01
   3.13911077e+00  3.38128875e+00  1.17165767e+00  1.17165767e+00
   4.23446153e-01 -1.75924700e-01 -2.82680351e-01 -1.50168695e-01
  -2.39367517e-01 -2.45127434e-01  1.97196675e+00  6.14507734e-01
   2.87941903e-01]
 [ 6.32858039e-01  1.03304651e-01  4.50427160e-01  5.10516672e-01
   7.18827164e-01 -9.56733557e-01 -1.29473182e+00 -1.19343739e+00
  -7.50342365e-01 -3.22129614e-01 -9.56733557e-01 -8.47864017e-01
   7.05276401e-01  2.93784617e+00  3.49807510e+00  3.49807510e+00
   3.28962095e+00  1.92660526e+00  6.24764289e-01  5.29024607e-02
  -1.53206029e+00 -1.20941418e+00  6.69480778e-01  8.97306541e-01
  -2.77674483e-01]
 [-1.28101790e+00  3.81847261e-01 -1.15806683e+00 -1.11735657e+00
  -9.56733557e-01  5.43002176e+01  4.37390476e+01  2.27399127e+01
   7.48325689e+00  1.47959364e+00  5.43002176e+01  2.11808838e+01
  -2.39747098e+01 -2.36659815e+01 -2.64320947e+00 -2.64320947e+00
  -2.29678687e+00 -1.48884643e+00 -7.00453554e-01 -2.32662367e-01
   3.66905784e+01  2.64679850e+01 -8.20794228e+00 -1.86865789e+00
   1.74151344e+00]
 [-1.40357963e+00  9.01584380e-01 -1.31957943e+00 -1.40041795e+00
  -1.29473182e+00  4.37390476e+01  5.43002176e+01  4.37390476e+01
   2.27399127e+01  7.48325689e+00  4.37390476e+01  1.64698795e+01
  -2.05537803e+01 -1.99298259e+01 -2.29678687e+00 -2.29678687e+00
  -2.64320947e+00 -2.29678687e+00 -1.48884643e+00 -7.00453554e-01
   4.30089384e+01  4.55624781e+01 -1.56342462e+01 -6.22085794e+00
   7.97370904e+00]
 [-1.04589092e+00  1.35375923e+00 -9.67571755e-01 -1.13629200e+00
  -1.19343739e+00  2.27399127e+01  4.37390476e+01  5.43002176e+01
   4.37390476e+01  2.27399127e+01  2.27399127e+01  7.52304771e+00
  -1.28693026e+01 -1.18852191e+01 -1.48884643e+00 -1.48884643e+00
  -2.29678687e+00 -2.64320947e+00 -2.29678687e+00 -1.48884643e+00
   3.23271184e+01  5.05992072e+01 -2.16458882e+01 -1.45482034e+01
   2.05336723e+01]
 [-5.30974047e-01  1.20025466e+00 -4.67707857e-01 -6.09663994e-01
  -7.50342365e-01  7.48325689e+00  2.27399127e+01  4.37390476e+01
   5.43002176e+01  4.37390476e+01  7.48325689e+00  1.73319777e+00
  -5.79437864e+00 -4.99939773e+00 -7.00453554e-01 -7.00453554e-01
  -1.48884643e+00 -2.29678687e+00 -2.64320947e+00 -2.29678687e+00
   1.54231864e+01  3.63508244e+01 -2.20986322e+01 -2.40526288e+01
   3.24774602e+01]
 [-1.83900092e-01  4.68165031e-01 -1.50969425e-01 -2.18814523e-01
  -3.22129614e-01  1.47959364e+00  7.48325689e+00  2.27399127e+01
   4.37390476e+01  5.43002176e+01  1.47959364e+00  1.05380149e-02
  -1.84323727e+00 -1.47529045e+00 -2.32662367e-01 -2.32662367e-01
  -7.00453554e-01 -1.48884643e+00 -2.29678687e+00 -2.64320947e+00
   4.50951153e+00  1.67408426e+01 -1.66533475e+01 -2.82444411e+01
   3.23782206e+01]
 [-1.28101790e+00  3.81847261e-01 -1.15806683e+00 -1.11735657e+00
  -9.56733557e-01  5.43002176e+01  4.37390476e+01  2.27399127e+01
   7.48325689e+00  1.47959364e+00  5.43002176e+01  2.11808838e+01
  -2.39747098e+01 -2.36659815e+01 -2.64320947e+00 -2.64320947e+00
  -2.29678687e+00 -1.48884643e+00 -7.00453554e-01 -2.32662367e-01
   3.66905784e+01  2.64679850e+01 -8.20794228e+00 -1.86865789e+00
   1.74151344e+00]
 [-1.00636930e+00  7.13761326e-01  8.00706939e-01  7.47791551e-01
  -8.47864017e-01  2.11808838e+01  1.64698795e+01  7.52304771e+00
   1.73319777e+00  1.05380149e-02  2.11808838e+01  5.43002176e+01
   2.11808838e+01 -2.39747098e+01 -2.36659815e+01 -2.36659815e+01
  -1.99298259e+01 -1.18852191e+01 -4.99939773e+00 -1.47529045e+00
   3.94221939e+01  1.75983798e+01  4.35652786e+00 -1.52055447e+00
   3.36930822e+00]
 [ 9.53336303e-01  6.78942569e-01  3.07901250e+00  3.13911077e+00
   7.05276401e-01 -2.39747098e+01 -2.05537803e+01 -1.28693026e+01
  -5.79437864e+00 -1.84323727e+00 -2.39747098e+01  2.11808838e+01
   5.43002176e+01  2.11808838e+01 -2.39747098e+01 -2.39747098e+01
  -2.05537803e+01 -1.28693026e+01 -5.79437864e+00 -1.84323727e+00
  -3.57178681e+00 -1.02795815e+01  1.27856601e+01  7.52598594e-01
  -7.45141375e-01]
 [ 3.27702839e+00  3.17245475e-01  3.04431986e+00  3.38128875e+00
   2.93784617e+00 -2.36659815e+01 -1.99298259e+01 -1.18852191e+01
  -4.99939773e+00 -1.47529045e+00 -2.36659815e+01 -2.39747098e+01
   2.11808838e+01  5.43002176e+01  2.11808838e+01  2.11808838e+01
   1.64698795e+01  7.52304771e+00  1.73319777e+00  1.05380149e-02
  -2.60271945e+01 -1.66168724e+01  2.90258785e+00  1.38634314e+00
  -3.73303074e+00]
 [ 3.33928552e+00 -3.70612452e-03  7.40482730e-01  1.17165767e+00
   3.49807510e+00 -2.64320947e+00 -2.29678687e+00 -1.48884643e+00
  -7.00453554e-01 -2.32662367e-01 -2.64320947e+00 -2.36659815e+01
  -2.39747098e+01  2.11808838e+01  5.43002176e+01  5.43002176e+01
   4.37390476e+01  2.27399127e+01  7.48325689e+00  1.47959364e+00
  -1.21537318e+01 -4.76233967e+00 -8.79938257e+00 -7.36373165e-01
  -2.22542522e+00]
 [ 3.33928552e+00 -3.70612452e-03  7.40482730e-01  1.17165767e+00
   3.49807510e+00 -2.64320947e+00 -2.29678687e+00 -1.48884643e+00
  -7.00453554e-01 -2.32662367e-01 -2.64320947e+00 -2.36659815e+01
  -2.39747098e+01  2.11808838e+01  5.43002176e+01  5.43002176e+01
   4.37390476e+01  2.27399127e+01  7.48325689e+00  1.47959364e+00
  -1.21537318e+01 -4.76233967e+00 -8.79938257e+00 -7.36373165e-01
  -2.22542522e+00]
 [ 2.35979481e+00 -1.30829726e-01  2.24154029e-02  4.23446153e-01
   3.28962095e+00 -2.29678687e+00 -2.64320947e+00 -2.29678687e+00
  -1.48884643e+00 -7.00453554e-01 -2.29678687e+00 -1.99298259e+01
  -2.05537803e+01  1.64698795e+01  4.37390476e+01  4.37390476e+01
   5.43002176e+01  4.37390476e+01  2.27399127e+01  7.48325689e+00
  -1.37304394e+01 -7.19061006e+00 -1.70491331e+01 -1.15884246e+00
  -6.29386151e+00]
 [ 9.67151745e-01 -5.17187726e-01 -3.43600045e-01 -1.75924700e-01
   1.92660526e+00 -1.48884643e+00 -2.29678687e+00 -2.64320947e+00
  -2.29678687e+00 -1.48884643e+00 -1.48884643e+00 -1.18852191e+01
  -1.28693026e+01  7.52304771e+00  2.27399127e+01  2.27399127e+01
   4.37390476e+01  5.43002176e+01  4.37390476e+01  2.27399127e+01
  -1.10304876e+01 -7.78718044e+00 -2.38587293e+01 -1.36042805e-01
  -1.25245844e+01]
 [ 1.56479879e-01 -1.08399354e+00 -2.81851529e-01 -2.82680351e-01
   6.24764289e-01 -7.00453554e-01 -1.48884643e+00 -2.29678687e+00
  -2.64320947e+00 -2.29678687e+00 -7.00453554e-01 -4.99939773e+00
  -5.79437864e+00  1.73319777e+00  7.48325689e+00  7.48325689e+00
   2.27399127e+01  4.37390476e+01  5.43002176e+01  4.37390476e+01
  -6.28770084e+00 -6.05713520e+00 -2.43758134e+01  2.65551923e+00
  -1.76227756e+01]
 [-4.37802697e-02 -1.39774378e+00 -1.17626291e-01 -1.50168695e-01
   5.29024607e-02 -2.32662367e-01 -7.00453554e-01 -1.48884643e+00
  -2.29678687e+00 -2.64320947e+00 -2.32662367e-01 -1.47529045e+00
  -1.84323727e+00  1.05380149e-02  1.47959364e+00  1.47959364e+00
   7.48325689e+00  2.27399127e+01  4.37390476e+01  5.43002176e+01
  -2.53065332e+00 -3.36973515e+00 -1.81958614e+01  4.27700238e+00
  -1.75823973e+01]
 [-1.54752904e+00  1.32939748e+00 -6.85777888e-01 -7.38802408e-01
  -1.45149682e+00  3.66905784e+01  4.30089384e+01  3.23271184e+01
   1.54231864e+01  4.50951153e+00  3.66905784e+01  3.94221939e+01
  -3.57178681e+00 -2.60271945e+01 -1.21537318e+01 -1.21537318e+01
  -1.37304394e+01 -1.10304876e+01 -6.28770084e+00 -2.53065332e+00
   5.43002176e+01  4.34522512e+01 -2.39434754e+00 -5.54446671e+00
   1.14380214e+01]
 [-1.28410374e+00  1.77659870e+00 -9.58773304e-01 -1.10551013e+00
  -1.41580626e+00  2.64679850e+01  4.55624781e+01  5.05992072e+01
   3.63508244e+01  1.67408426e+01  2.64679850e+01  1.75983798e+01
  -1.02795815e+01 -1.66168724e+01 -4.76233967e+00 -4.76233967e+00
  -7.19061006e+00 -7.78718044e+00 -6.05713520e+00 -3.36973515e+00
   4.34522512e+01  5.43002176e+01 -1.22914679e+01 -1.27618419e+01
   2.32184506e+01]
 [-4.01540828e-01  3.29225486e+00  1.57281880e-01  2.71128853e-01
  -5.71220222e-01 -8.20794228e+00 -1.56342462e+01 -2.16458882e+01
  -2.20986322e+01 -1.66533475e+01 -8.20794228e+00  4.35652786e+00
   1.27856601e+01  2.90258785e+00 -8.79938257e+00 -8.79938257e+00
  -1.70491331e+01 -2.38587293e+01 -2.43758134e+01 -1.81958614e+01
  -2.39434754e+00 -1.22914679e+01  5.43002176e+01  2.20557301e+01
   7.55280417e+00]
 [-8.25865687e-02  8.33789086e-01 -3.69924174e-02 -2.73527031e-02
  -1.20326659e-01 -1.86865789e+00 -6.22085794e+00 -1.45482034e+01
  -2.40526288e+01 -2.82444411e+01 -1.86865789e+00 -1.52055447e+00
   7.52598594e-01  1.38634314e+00 -7.36373165e-01 -7.36373165e-01
  -1.15884246e+00 -1.36042805e-01  2.65551923e+00  4.27700238e+00
  -5.54446671e+00 -1.27618419e+01  2.20557301e+01  5.43002176e+01
  -2.17668252e+01]
 [-4.19274764e-01  2.63746534e+00 -2.29151081e-01 -3.16988123e-01
  -6.91359039e-01  1.74151344e+00  7.97370904e+00  2.05336723e+01
   3.24774602e+01  3.23782206e+01  1.74151344e+00  3.36930822e+00
  -7.45141375e-01 -3.73303074e+00 -2.22542522e+00 -2.22542522e+00
  -6.29386151e+00 -1.25245844e+01 -1.76227756e+01 -1.75823973e+01
   1.14380214e+01  2.32184506e+01  7.55280417e+00 -2.17668252e+01
   5.43002176e+01]]
logdet:  -inf
K_inv_Y:  [[nan]
 [nan]
 [nan]
 [nan]
 [nan]
 [nan]
 [nan]
 [nan]
 [nan]
 [nan]
 [nan]
 [nan]
 [nan]
 [nan]
 [nan]
 [nan]
 [nan]
 [nan]
 [nan]
 [nan]
 [nan]
 [nan]
 [nan]
 [nan]
 [nan]]
signed_logdet:  nan
zz_uu:  Traced<ConcreteArray([[0.71882716 0.06539561 0.55940427 0.59099193 0.63285804]
 [0.06539561 0.71882716 0.06871572 0.0948544  0.10330465]
 [0.55940427 0.06871572 0.71882716 0.66697081 0.45042716]
 [0.59099193 0.0948544  0.66697081 0.71882716 0.51051667]
 [0.63285804 0.10330465 0.45042716 0.51051667 0.71882716]], dtype=float64)>with<JVPTrace(level=2/0)> with
  primal = Array([[0.71882716, 0.06539561, 0.55940427, 0.59099193, 0.63285804],
       [0.06539561, 0.71882716, 0.06871572, 0.0948544 , 0.10330465],
       [0.55940427, 0.06871572, 0.71882716, 0.66697081, 0.45042716],
       [0.59099193, 0.0948544 , 0.66697081, 0.71882716, 0.51051667],
       [0.63285804, 0.10330465, 0.45042716, 0.51051667, 0.71882716]],      dtype=float64)
  tangent = Traced<ShapedArray(float64[5,5])>with<JaxprTrace(level=1/0)> with
    pval = (ShapedArray(float64[5,5]), None)
    recipe = JaxprEqnRecipe(eqn_id=<object object at 0x7f5d80300e90>, in_tracers=(Traced<ShapedArray(float64[2]):JaxprTrace(level=1/0)>, Traced<ShapedArray(float64[1]):JaxprTrace(level=1/0)>, Traced<ConcreteArray([1.64781936], dtype=float64):JaxprTrace(level=1/0)>, Traced<ConcreteArray([[1.         0.09633617 0.82407467 0.87060737 0.93228155]
 [0.09633617 1.         0.10122712 0.13973277 0.15218108]
 [0.82407467 0.10122712 1.         0.98253406 0.66353732]
 [0.87060737 0.13973277 0.98253406 1.         0.75205693]
 [0.93228155 0.15218108 0.66353732 0.75205693 1.        ]], dtype=float64):JaxprTrace(level=1/0)>, Traced<ConcreteArray([[0.67882716]], dtype=float64):JaxprTrace(level=1/0)>, Traced<ConcreteArray([0.89747927 0.8160715 ], dtype=float64):JaxprTrace(level=1/0)>, Traced<ConcreteArray([[[0.00000000e+00 0.00000000e+00]
  [2.75817525e-01 5.51108903e-01]
  [6.66599738e-02 9.31553721e-03]
  [5.51698932e-02 5.24768044e-04]
  [2.31430760e-03 2.14356418e-02]]

 [[2.75817525e-01 5.51108903e-01]
  [0.00000000e+00 0.00000000e+00]
  [7.12876098e-02 7.03726576e-01]
  [8.42744403e-02 5.85645689e-01]
  [3.28662085e-01 3.55165861e-01]]

 [[6.66599738e-02 9.31553721e-03]
  [7.12876098e-02 7.03726576e-01]
  [0.00000000e+00 0.00000000e+00]
  [5.43039438e-04 5.41831646e-03]
  [9.38155120e-02 5.90131336e-02]]

 [[5.51698932e-02 5.24768044e-04]
  [8.42744403e-02 5.85645689e-01]
  [5.43039438e-04 5.41831646e-03]
  [0.00000000e+00 0.00000000e+00]
  [8.00833249e-02 2.86682380e-02]]

 [[2.31430760e-03 2.14356418e-02]
  [3.28662085e-01 3.55165861e-01]
  [9.38155120e-02 5.90131336e-02]
  [8.00833249e-02 2.86682380e-02]
  [0.00000000e+00 0.00000000e+00]]], dtype=float64):JaxprTrace(level=1/0)>, Traced<ConcreteArray([[[24.66165816 36.07506674]]], dtype=float64):JaxprTrace(level=1/0)>), out_tracer_refs=[<weakref at 0x7f5d686fd6d0; to 'JaxprTracer' at 0x7f5d686fd590>], out_avals=[ShapedArray(float64[5,5])], primitive=pjit, params={'jaxpr': { lambda ; a:f64[2] b:f64[1] c:f64[1] d:f64[5,5] e:f64[1,1] f:f64[2] g:f64[5,5,2]
    h:f64[1,1,2]. let
    i:f64[5,5] = pjit[
      jaxpr={ lambda ; j:f64[2] k:f64[1] l:f64[1] m:f64[5,5] n:f64[1,1] o:f64[2]
          p:f64[5,5,2] q:f64[1,1,2]. let
          r:f64[1] = mul k l
          s:f64[1,1] = broadcast_in_dim[broadcast_dimensions=(1,) shape=(1, 1)] r
          t:f64[5,5] = mul s m
          u:f64[2] = mul j o
          v:f64[1,1,2] = broadcast_in_dim[
            broadcast_dimensions=(2,)
            shape=(1, 1, 2)
          ] u
          w:f64[1,1,2] = neg v
          x:f64[5,5,2] = mul w p
          y:f64[5,5,2] = mul x q
          z:f64[5,5] = reduce_sum[axes=(2,)] y
          ba:f64[5,5] = mul -0.5 z
          bb:f64[5,5] = mul ba m
          bc:f64[5,5] = mul n bb
          bd:f64[5,5] = add_any t bc
        in (bd,) }
      name=rbf_kernel
    ] a b c d e f g h
  in (i,) }, 'in_shardings': (UnspecifiedValue, UnspecifiedValue, UnspecifiedValue, UnspecifiedValue, UnspecifiedValue, UnspecifiedValue, UnspecifiedValue, UnspecifiedValue), 'out_shardings': (UnspecifiedValue,), 'resource_env': None, 'donated_invars': (False, False, False, False, False, False, False, False), 'name': 'heat_equation_kuu_noise', 'keep_unused': False, 'inline': False}, effects=set(), source_info=SourceInfo(traceback=<jaxlib.xla_extension.Traceback object at 0x7f5d6870ceb0>, name_stack=NameStack(stack=(Transform(name='jvp'),))))
zz_uf:  Traced<ConcreteArray([[-1.2810179  -1.40357963 -1.04589092 -0.53097405 -0.18390009 -1.2810179
  -1.0063693   0.9533363   3.27702839  3.33928552  3.33928552  2.35979481
   0.96715175  0.15647988 -0.04378027]
 [ 0.38184726  0.90158438  1.35375923  1.20025466  0.46816503  0.38184726
   0.71376133  0.67894257  0.31724547 -0.00370612 -0.00370612 -0.13082973
  -0.51718773 -1.08399354 -1.39774378]
 [-1.15806683 -1.31957943 -0.96757176 -0.46770786 -0.15096942 -1.15806683
   0.80070694  3.0790125   3.04431986  0.74048273  0.74048273  0.0224154
  -0.34360005 -0.28185153 -0.11762629]
 [-1.11735657 -1.40041795 -1.136292   -0.60966399 -0.21881452 -1.11735657
   0.74779155  3.13911077  3.38128875  1.17165767  1.17165767  0.42344615
  -0.1759247  -0.28268035 -0.15016869]
 [-0.95673356 -1.29473182 -1.19343739 -0.75034236 -0.32212961 -0.95673356
  -0.84786402  0.7052764   2.93784617  3.4980751   3.4980751   3.28962095
   1.92660526  0.62476429  0.05290246]], dtype=float64)>with<JVPTrace(level=2/0)> with
  primal = Array([[-1.2810179 , -1.40357963, -1.04589092, -0.53097405, -0.18390009,
        -1.2810179 , -1.0063693 ,  0.9533363 ,  3.27702839,  3.33928552,
         3.33928552,  2.35979481,  0.96715175,  0.15647988, -0.04378027],
       [ 0.38184726,  0.90158438,  1.35375923,  1.20025466,  0.46816503,
         0.38184726,  0.71376133,  0.67894257,  0.31724547, -0.00370612,
        -0.00370612, -0.13082973, -0.51718773, -1.08399354, -1.39774378],
       [-1.15806683, -1.31957943, -0.96757176, -0.46770786, -0.15096942,
        -1.15806683,  0.80070694,  3.0790125 ,  3.04431986,  0.74048273,
         0.74048273,  0.0224154 , -0.34360005, -0.28185153, -0.11762629],
       [-1.11735657, -1.40041795, -1.136292  , -0.60966399, -0.21881452,
        -1.11735657,  0.74779155,  3.13911077,  3.38128875,  1.17165767,
         1.17165767,  0.42344615, -0.1759247 , -0.28268035, -0.15016869],
       [-0.95673356, -1.29473182, -1.19343739, -0.75034236, -0.32212961,
        -0.95673356, -0.84786402,  0.7052764 ,  2.93784617,  3.4980751 ,
         3.4980751 ,  3.28962095,  1.92660526,  0.62476429,  0.05290246]],      dtype=float64)
  tangent = Traced<ShapedArray(float64[5,15])>with<JaxprTrace(level=1/0)> with
    pval = (ShapedArray(float64[5,15]), None)
    recipe = JaxprEqnRecipe(eqn_id=<object object at 0x7f5d80300d80>, in_tracers=(Traced<ShapedArray(float64[2]):JaxprTrace(level=1/0)>, Traced<ShapedArray(float64[1]):JaxprTrace(level=1/0)>, Traced<ConcreteArray([1.64781936], dtype=float64):JaxprTrace(level=1/0)>, Traced<ConcreteArray([[0.14030345 0.13828862 0.0936428  0.04356445 0.01392387 0.14030345
  0.35833509 0.67098805 0.92118046 0.92721218 0.92721218 0.91389691
  0.61884965 0.28790086 0.09201754]
 [0.08026065 0.24117571 0.4978911  0.70616308 0.68809043 0.08026065
  0.1067958  0.1041862  0.07451963 0.0390783  0.0390783  0.11742662
  0.24241939 0.34382544 0.335026  ]
 [0.38215501 0.32584938 0.19088162 0.07682122 0.02124066 0.38215501
  0.70835556 0.96264805 0.95915377 0.70066983 0.70066983 0.59743514
  0.34997576 0.14084941 0.03894413]
 [0.3465001  0.32997633 0.21588978 0.0970401  0.02996679 0.3465001
  0.66111923 0.92482739 0.94851905 0.71324036 0.71324036 0.67922762
  0.44439035 0.19974861 0.06168403]
 [0.09576917 0.1176035  0.09921666 0.05750675 0.02289934 0.09576917
  0.25964818 0.51611836 0.75217312 0.80369411 0.80369411 0.98692759
  0.8326254  0.48259618 0.19217105]], dtype=float64):JaxprTrace(level=1/0)>, Traced<ConcreteArray([[0.67882716]], dtype=float64):JaxprTrace(level=1/0)>, Traced<ConcreteArray([0.89747927 0.8160715 ], dtype=float64):JaxprTrace(level=1/0)>, Traced<ConcreteArray([[[7.74852154e-01 1.33095305e-02]
  [7.74852154e-01 1.81260613e-02]
  [7.74852154e-01 1.47942592e-01]
  [7.74852154e-01 4.02759123e-01]
  [7.74852154e-01 7.82575654e-01]
  [7.74852154e-01 1.33095305e-02]
  [3.97223720e-01 1.33095305e-02]
  [1.44595286e-01 1.33095305e-02]
  [1.69668517e-02 1.33095305e-02]
  [1.43384176e-02 1.33095305e-02]
  [1.43384176e-02 1.33095305e-02]
  [1.43384176e-02 1.81260613e-02]
  [1.43384176e-02 1.47942592e-01]
  [1.43384176e-02 4.02759123e-01]
  [1.43384176e-02 7.82575654e-01]]

 [[1.26077221e-01 7.35707671e-01]
  [1.26077221e-01 3.69340655e-01]
  [1.26077221e-01 1.27973638e-01]
  [1.26077221e-01 1.16066219e-02]
  [1.26077221e-01 2.02396054e-02]
  [1.26077221e-01 7.35707671e-01]
  [1.10404494e-02 7.35707671e-01]
  [2.10036780e-02 7.35707671e-01]
  [1.55966907e-01 7.35707671e-01]
  [4.15930135e-01 7.35707671e-01]
  [4.15930135e-01 7.35707671e-01]
  [4.15930135e-01 3.69340655e-01]
  [4.15930135e-01 1.27973638e-01]
  [4.15930135e-01 1.16066219e-02]
  [4.15930135e-01 2.02396054e-02]]

 [[3.86972254e-01 3.55319023e-04]
  [3.86972254e-01 5.34303651e-02]
  [3.86972254e-01 2.31505411e-01]
  [3.86972254e-01 5.34580457e-01]
  [3.86972254e-01 9.62655503e-01]
  [3.86972254e-01 3.55319023e-04]
  [1.38436784e-01 3.55319023e-04]
  [1.49013142e-02 3.55319023e-04]
  [1.63658446e-02 3.55319023e-04]
  [1.42830375e-01 3.55319023e-04]
  [1.42830375e-01 3.55319023e-04]
  [1.42830375e-01 5.34303651e-02]
  [1.42830375e-01 2.31505411e-01]
  [1.42830375e-01 5.34580457e-01]
  [1.42830375e-01 9.62655503e-01]]

 [[4.16507788e-01 8.54868929e-03]
  [4.16507788e-01 2.48191282e-02]
  [4.16507788e-01 1.66089567e-01]
  [4.16507788e-01 4.32360006e-01]
  [4.16507788e-01 8.23630445e-01]
  [4.16507788e-01 8.54868929e-03]
  [1.56320715e-01 8.54868929e-03]
  [2.11336423e-02 8.54868929e-03]
  [1.09465693e-02 8.54868929e-03]
  [1.25759496e-01 8.54868929e-03]
  [1.25759496e-01 8.54868929e-03]
  [1.25759496e-01 2.48191282e-02]
  [1.25759496e-01 1.66089567e-01]
  [1.25759496e-01 4.32360006e-01]
  [1.25759496e-01 8.23630445e-01]]

 [[8.61859938e-01 6.85267251e-02]
  [8.61859938e-01 1.38676468e-04]
  [8.61859938e-01 5.67506278e-02]
  [8.61859938e-01 2.38362579e-01]
  [8.61859938e-01 5.44974531e-01]
  [8.61859938e-01 6.85267251e-02]
  [4.60177878e-01 6.85267251e-02]
  [1.83495819e-01 6.85267251e-02]
  [3.18137590e-02 6.85267251e-02]
  [5.13169944e-03 6.85267251e-02]
  [5.13169944e-03 6.85267251e-02]
  [5.13169944e-03 1.38676468e-04]
  [5.13169944e-03 5.67506278e-02]
  [5.13169944e-03 2.38362579e-01]
  [5.13169944e-03 5.44974531e-01]]], dtype=float64):JaxprTrace(level=1/0)>, Traced<ConcreteArray([[[24.66165816 36.07506674]]], dtype=float64):JaxprTrace(level=1/0)>, Traced<ConcreteArray([[ 0.09721948 -0.11182573 -0.21633389 -0.16605748 -0.07398209  0.09721948
   0.2482986   0.46494301  0.63830707  0.64248659  0.64248659 -0.73901372
  -1.42966846 -1.09741078 -0.4889195 ]
 [ 0.41348414  0.88034054  1.06978916  0.45694244 -0.58796315  0.41348414
   0.55018709  0.53674302  0.38390776  0.20132229  0.20132229  0.42863112
   0.52087221  0.2224818  -0.28627479]
 [ 0.04326656 -0.45239162 -0.55163048 -0.33735821 -0.12517198  0.04326656
   0.08019811  0.10898841  0.1085928   0.07932795  0.07932795 -0.82944655
  -1.01139804 -0.61853622 -0.22949909]
 [ 0.19242288 -0.31223359 -0.52845356 -0.38324593 -0.16334656  0.19242288
   0.3671412   0.513587    0.52674376  0.39608578  0.39608578 -0.64270573
  -1.08777574 -0.78887846 -0.33623471]
 [ 0.15057723  0.00831812 -0.14196246 -0.16863257 -0.10153473  0.15057723
   0.4082431   0.81148944  1.18263675  1.26364286  1.26364286  0.0698056
  -1.19134779 -1.41516309 -0.85207857]], dtype=float64):JaxprTrace(level=1/0)>, Traced<ConcreteArray([[[-0.         -0.23073388]
  [-0.          0.26926612]
  [-0.          0.76926612]
  [-0.          1.26926612]
  [-0.          1.76926612]
  [-0.         -0.23073388]
  [-0.         -0.23073388]
  [-0.         -0.23073388]
  [-0.         -0.23073388]
  [ 0.         -0.23073388]
  [ 0.         -0.23073388]
  [ 0.          0.26926612]
  [ 0.          0.76926612]
  [ 0.          1.26926612]
  [ 0.          1.76926612]]

 [[-0.         -1.71546807]
  [-0.         -1.21546807]
  [-0.         -0.71546807]
  [-0.         -0.21546807]
  [-0.          0.28453193]
  [-0.         -1.71546807]
  [-0.         -1.71546807]
  [ 0.         -1.71546807]
  [ 0.         -1.71546807]
  [ 0.         -1.71546807]
  [ 0.         -1.71546807]
  [ 0.         -1.21546807]
  [ 0.         -0.71546807]
  [ 0.         -0.21546807]
  [ 0.          0.28453193]]

 [[-0.         -0.03769982]
  [-0.          0.46230018]
  [-0.          0.96230018]
  [-0.          1.46230018]
  [-0.          1.96230018]
  [-0.         -0.03769982]
  [-0.         -0.03769982]
  [-0.         -0.03769982]
  [ 0.         -0.03769982]
  [ 0.         -0.03769982]
  [ 0.         -0.03769982]
  [ 0.          0.46230018]
  [ 0.          0.96230018]
  [ 0.          1.46230018]
  [ 0.          1.96230018]]

 [[-0.         -0.18491824]
  [-0.          0.31508176]
  [-0.          0.81508176]
  [-0.          1.31508176]
  [-0.          1.81508176]
  [-0.         -0.18491824]
  [-0.         -0.18491824]
  [-0.         -0.18491824]
  [ 0.         -0.18491824]
  [ 0.         -0.18491824]
  [ 0.         -0.18491824]
  [ 0.          0.31508176]
  [ 0.          0.81508176]
  [ 0.          1.31508176]
  [ 0.          1.81508176]]

 [[-0.         -0.52355219]
  [-0.         -0.02355219]
  [-0.          0.47644781]
  [-0.          0.97644781]
  [-0.          1.47644781]
  [-0.         -0.52355219]
  [-0.         -0.52355219]
  [-0.         -0.52355219]
  [-0.         -0.52355219]
  [ 0.         -0.52355219]
  [ 0.         -0.52355219]
  [ 0.         -0.02355219]
  [ 0.          0.47644781]
  [ 0.          0.97644781]
  [ 0.          1.47644781]]], dtype=float64):JaxprTrace(level=1/0)>, Traced<ConcreteArray([[[24.66165816 36.07506674]]], dtype=float64):JaxprTrace(level=1/0)>, Traced<ConcreteArray([[ 0.69292294 -0.80864014 -2.31020321 -3.81176629 -5.31332936  0.69292294
   0.69292294  0.69292294  0.69292294  0.69292294  0.69292294 -0.80864014
  -2.31020321 -3.81176629 -5.31332936]
 [ 5.15176701  3.65020394  2.14864086  0.64707778 -0.85448529  5.15176701
   5.15176701  5.15176701  5.15176701  5.15176701  5.15176701  3.65020394
   2.14864086  0.64707778 -0.85448529]
 [ 0.1132173  -1.38834577 -2.88990885 -4.39147193 -5.893035    0.1132173
   0.1132173   0.1132173   0.1132173   0.1132173   0.1132173  -1.38834577
  -2.88990885 -4.39147193 -5.893035  ]
 [ 0.55533282 -0.94623026 -2.44779334 -3.94935641 -5.45091949  0.55533282
   0.55533282  0.55533282  0.55533282  0.55533282  0.55533282 -0.94623026
  -2.44779334 -3.94935641 -5.45091949]
 [ 1.57229329  0.07073021 -1.43083286 -2.93239594 -4.43395902  1.57229329
   1.57229329  1.57229329  1.57229329  1.57229329  1.57229329  0.07073021
  -1.43083286 -2.93239594 -4.43395902]], dtype=float64):JaxprTrace(level=1/0)>, Traced<ConcreteArray([1.64781936], dtype=float64):JaxprTrace(level=1/0)>, Traced<ConcreteArray([[0.14030345 0.13828862 0.0936428  0.04356445 0.01392387 0.14030345
  0.35833509 0.67098805 0.92118046 0.92721218 0.92721218 0.91389691
  0.61884965 0.28790086 0.09201754]
 [0.08026065 0.24117571 0.4978911  0.70616308 0.68809043 0.08026065
  0.1067958  0.1041862  0.07451963 0.0390783  0.0390783  0.11742662
  0.24241939 0.34382544 0.335026  ]
 [0.38215501 0.32584938 0.19088162 0.07682122 0.02124066 0.38215501
  0.70835556 0.96264805 0.95915377 0.70066983 0.70066983 0.59743514
  0.34997576 0.14084941 0.03894413]
 [0.3465001  0.32997633 0.21588978 0.0970401  0.02996679 0.3465001
  0.66111923 0.92482739 0.94851905 0.71324036 0.71324036 0.67922762
  0.44439035 0.19974861 0.06168403]
 [0.09576917 0.1176035  0.09921666 0.05750675 0.02289934 0.09576917
  0.25964818 0.51611836 0.75217312 0.80369411 0.80369411 0.98692759
  0.8326254  0.48259618 0.19217105]], dtype=float64):JaxprTrace(level=1/0)>, Traced<ConcreteArray([[0.67882716]], dtype=float64):JaxprTrace(level=1/0)>, Traced<ConcreteArray([0.89747927 0.8160715 ], dtype=float64):JaxprTrace(level=1/0)>, Traced<ConcreteArray([[[7.74852154e-01 1.33095305e-02]
  [7.74852154e-01 1.81260613e-02]
  [7.74852154e-01 1.47942592e-01]
  [7.74852154e-01 4.02759123e-01]
  [7.74852154e-01 7.82575654e-01]
  [7.74852154e-01 1.33095305e-02]
  [3.97223720e-01 1.33095305e-02]
  [1.44595286e-01 1.33095305e-02]
  [1.69668517e-02 1.33095305e-02]
  [1.43384176e-02 1.33095305e-02]
  [1.43384176e-02 1.33095305e-02]
  [1.43384176e-02 1.81260613e-02]
  [1.43384176e-02 1.47942592e-01]
  [1.43384176e-02 4.02759123e-01]
  [1.43384176e-02 7.82575654e-01]]

 [[1.26077221e-01 7.35707671e-01]
  [1.26077221e-01 3.69340655e-01]
  [1.26077221e-01 1.27973638e-01]
  [1.26077221e-01 1.16066219e-02]
  [1.26077221e-01 2.02396054e-02]
  [1.26077221e-01 7.35707671e-01]
  [1.10404494e-02 7.35707671e-01]
  [2.10036780e-02 7.35707671e-01]
  [1.55966907e-01 7.35707671e-01]
  [4.15930135e-01 7.35707671e-01]
  [4.15930135e-01 7.35707671e-01]
  [4.15930135e-01 3.69340655e-01]
  [4.15930135e-01 1.27973638e-01]
  [4.15930135e-01 1.16066219e-02]
  [4.15930135e-01 2.02396054e-02]]

 [[3.86972254e-01 3.55319023e-04]
  [3.86972254e-01 5.34303651e-02]
  [3.86972254e-01 2.31505411e-01]
  [3.86972254e-01 5.34580457e-01]
  [3.86972254e-01 9.62655503e-01]
  [3.86972254e-01 3.55319023e-04]
