hpc-node01
	Adding nVidia Cuda Toolkit 11.8
	Adding nVidia cuDNN 8.6 (.0.163)
	Adding nvtop
Fri Jun 14 15:05:52 2024       
+-----------------------------------------------------------------------------------------+
| NVIDIA-SMI 550.54.15              Driver Version: 550.54.15      CUDA Version: 12.4     |
|-----------------------------------------+------------------------+----------------------+
| GPU  Name                 Persistence-M | Bus-Id          Disp.A | Volatile Uncorr. ECC |
| Fan  Temp   Perf          Pwr:Usage/Cap |           Memory-Usage | GPU-Util  Compute M. |
|                                         |                        |               MIG M. |
|=========================================+========================+======================|
|   0  NVIDIA L40                     On  |   00000000:17:00.0 Off |                    0 |
| N/A   36C    P0             79W /  300W |     524MiB /  46068MiB |      0%      Default |
|                                         |                        |                  N/A |
+-----------------------------------------+------------------------+----------------------+
|   1  NVIDIA L40                     On  |   00000000:65:00.0 Off |                    0 |
| N/A   40C    P0             79W /  300W |     450MiB /  46068MiB |      0%      Default |
|                                         |                        |                  N/A |
+-----------------------------------------+------------------------+----------------------+
|   2  NVIDIA L40                     On  |   00000000:CA:00.0 Off |                    0 |
| N/A   45C    P0             87W /  300W |     696MiB /  46068MiB |     45%      Default |
|                                         |                        |                  N/A |
+-----------------------------------------+------------------------+----------------------+
|   3  NVIDIA L40                     On  |   00000000:E3:00.0 Off |                    0 |
| N/A   30C    P8             23W /  300W |       0MiB /  46068MiB |      0%      Default |
|                                         |                        |                  N/A |
+-----------------------------------------+------------------------+----------------------+
                                                                                         
+-----------------------------------------------------------------------------------------+
| Processes:                                                                              |
|  GPU   GI   CI        PID   Type   Process name                              GPU Memory |
|        ID   ID                                                               Usage      |
|=========================================================================================|
|    0   N/A  N/A      5013      C   python                                        516MiB |
|    1   N/A  N/A      5097      C   python                                        442MiB |
|    2   N/A  N/A      2667      C   python                                        688MiB |
+-----------------------------------------------------------------------------------------+
Date              = Fri Jun 14 15:05:53 CEST 2024
Hostname          = hpc-node01
Working Directory = /local/293393
Number of nodes used        : 1
Number of MPI tasks         : 1
Number of threads           : 16
Number of MPI tasks per node: 1
Number of threads per core  : 
Name of nodes used          : hpc-node01
Gpu devices                 : 3
Starting worker: 
Xu_fixed:  [[0.         0.95006237]
 [0.         0.94521492]
 [0.         0.39422269]
 [0.         0.34238744]
 [0.         0.53206767]
 [0.42300447 0.        ]
 [0.37513696 0.        ]
 [0.51259359 0.        ]
 [0.54022212 0.        ]
 [0.25327558 0.        ]
 [1.         0.39326737]
 [1.         0.69942523]
 [1.         0.78878791]
 [1.         0.39758325]
 [1.         0.41364807]]
sigma_init_yu: 0.38241191379969613	sigma_init_yf: 18.110598031070833	sigma_init: 15.277121536300566
new_sigma_init_yu: 0.38241191379969613	new_sigma_init_yf: 0.5572528169817925	new_sigma_init: 0.5579119724591024
Xu_noise: [[ 0.53441744 -0.01512023]
 [ 0.37383673  0.84915495]
 [ 0.61160043  0.25683977]
 [ 0.21138835  0.81214232]
 [ 0.47124844  0.27870854]]
Xu_noise shape: (5, 2)
adam
0.001000
1000
Initial loss: 2314156.529348501
Final loss: 141.6663817812965
start inference
#############################################
z_uncertain_list shape (5, 2)
z_uncertain_list [Array([-1.76454453, -1.51903835], dtype=float64), Array([-1.98821115,  0.95416878], dtype=float64), Array([-1.71451219, -1.88926965], dtype=float64), Array([-1.71825484, -1.25457576], dtype=float64), Array([ 0.34365003, -0.81738059], dtype=float64)]
#############################################
#############################################
#############################################
K shape: (60, 60)
K: [[ 1.85950141e+000  8.32240108e-129  2.44690771e-003 ... -6.77299384e-101
  -5.73085374e-122 -2.98792859e-090]
 [ 8.32240108e-129  1.85950141e+000  4.01140027e-170 ... -2.72335965e-010
  -2.47348330e-007 -6.89922510e-014]
 [ 2.44690771e-003  4.01140027e-170  1.85950141e+000 ... -1.93974960e-136
  -4.09805367e-161 -1.18466241e-123]
 ...
 [-6.77299384e-101 -2.72335965e-010 -1.93974960e-136 ...  5.03028682e+002
  -3.38555088e+001  2.56574777e+001]
 [-5.73085374e-122 -2.47348330e-007 -4.09805367e-161 ... -3.38555088e+001
   5.03028682e+002 -2.45873237e+000]
 [-2.98792859e-090 -6.89922510e-014 -1.18466241e-123 ...  2.56574777e+001
  -2.45873237e+000  5.03028682e+002]]
#############################################
#############################################
z_uncertain_list shape (5, 2)
z_uncertain_list [Traced<ConcreteArray([-1.76454453 -1.51903835], dtype=float64)>with<JVPTrace(level=2/0)> with
  primal = Array([-1.76454453, -1.51903835], dtype=float64)
  tangent = Traced<ShapedArray(float64[2])>with<JaxprTrace(level=1/0)> with
    pval = (ShapedArray(float64[2]), None)
    recipe = LambdaBinding(), Traced<ConcreteArray([-1.98821115  0.95416878], dtype=float64)>with<JVPTrace(level=2/0)> with
  primal = Array([-1.98821115,  0.95416878], dtype=float64)
  tangent = Traced<ShapedArray(float64[2])>with<JaxprTrace(level=1/0)> with
    pval = (ShapedArray(float64[2]), None)
    recipe = LambdaBinding(), Traced<ConcreteArray([-1.71451219 -1.88926965], dtype=float64)>with<JVPTrace(level=2/0)> with
  primal = Array([-1.71451219, -1.88926965], dtype=float64)
  tangent = Traced<ShapedArray(float64[2])>with<JaxprTrace(level=1/0)> with
    pval = (ShapedArray(float64[2]), None)
    recipe = LambdaBinding(), Traced<ConcreteArray([-1.71825484 -1.25457576], dtype=float64)>with<JVPTrace(level=2/0)> with
  primal = Array([-1.71825484, -1.25457576], dtype=float64)
  tangent = Traced<ShapedArray(float64[2])>with<JaxprTrace(level=1/0)> with
    pval = (ShapedArray(float64[2]), None)
    recipe = LambdaBinding(), Traced<ConcreteArray([ 0.34365003 -0.81738059], dtype=float64)>with<JVPTrace(level=2/0)> with
  primal = Array([ 0.34365003, -0.81738059], dtype=float64)
  tangent = Traced<ShapedArray(float64[2])>with<JaxprTrace(level=1/0)> with
    pval = (ShapedArray(float64[2]), None)
    recipe = LambdaBinding()]
#############################################
#############################################
#############################################
K shape: (60, 60)
K: Traced<ConcreteArray([[ 1.85950141e+000  8.32240108e-129  2.44690771e-003 ... -6.77299384e-101
  -5.73085374e-122 -2.98792859e-090]
 [ 8.32240108e-129  1.85950141e+000  4.01140027e-170 ... -2.72335965e-010
  -2.47348330e-007 -6.89922510e-014]
 [ 2.44690771e-003  4.01140027e-170  1.85950141e+000 ... -1.93974960e-136
  -4.09805367e-161 -1.18466241e-123]
 ...
 [-6.77299384e-101 -2.72335965e-010 -1.93974960e-136 ...  5.03028682e+002
  -3.38555088e+001  2.56574777e+001]
 [-5.73085374e-122 -2.47348330e-007 -4.09805367e-161 ... -3.38555088e+001
   5.03028682e+002 -2.45873237e+000]
 [-2.98792859e-090 -6.89922510e-014 -1.18466241e-123 ...  2.56574777e+001
  -2.45873237e+000  5.03028682e+002]], dtype=float64)>with<JVPTrace(level=2/0)> with
  primal = Array([[ 1.85950141e+000,  8.32240108e-129,  2.44690771e-003, ...,
        -6.77299384e-101, -5.73085374e-122, -2.98792859e-090],
       [ 8.32240108e-129,  1.85950141e+000,  4.01140027e-170, ...,
        -2.72335965e-010, -2.47348330e-007, -6.89922510e-014],
       [ 2.44690771e-003,  4.01140027e-170,  1.85950141e+000, ...,
        -1.93974960e-136, -4.09805367e-161, -1.18466241e-123],
       ...,
       [-6.77299384e-101, -2.72335965e-010, -1.93974960e-136, ...,
         5.03028682e+002, -3.38555088e+001,  2.56574777e+001],
       [-5.73085374e-122, -2.47348330e-007, -4.09805367e-161, ...,
        -3.38555088e+001,  5.03028682e+002, -2.45873237e+000],
       [-2.98792859e-090, -6.89922510e-014, -1.18466241e-123, ...,
         2.56574777e+001, -2.45873237e+000,  5.03028682e+002]],      dtype=float64)
  tangent = Traced<ShapedArray(float64[60,60])>with<JaxprTrace(level=1/0)> with
    pval = (ShapedArray(float64[60,60]), None)
    recipe = JaxprEqnRecipe(eqn_id=<object object at 0x7f9a88506f80>, in_tracers=(Traced<ShapedArray(float64[5,5]):JaxprTrace(level=1/0)>, Traced<ShapedArray(float64[5,15]):JaxprTrace(level=1/0)>, Traced<ShapedArray(float64[5,40]):JaxprTrace(level=1/0)>, Traced<ShapedArray(float64[15,5]):JaxprTrace(level=1/0)>, Traced<ShapedArray(float64[40,5]):JaxprTrace(level=1/0)>, Traced<ConcreteArray([[0. 0. 0. 0. 0. 0. 0. 0. 0. 0. 0. 0. 0. 0. 0.]
 [0. 0. 0. 0. 0. 0. 0. 0. 0. 0. 0. 0. 0. 0. 0.]
 [0. 0. 0. 0. 0. 0. 0. 0. 0. 0. 0. 0. 0. 0. 0.]
 [0. 0. 0. 0. 0. 0. 0. 0. 0. 0. 0. 0. 0. 0. 0.]
 [0. 0. 0. 0. 0. 0. 0. 0. 0. 0. 0. 0. 0. 0. 0.]
 [0. 0. 0. 0. 0. 0. 0. 0. 0. 0. 0. 0. 0. 0. 0.]
 [0. 0. 0. 0. 0. 0. 0. 0. 0. 0. 0. 0. 0. 0. 0.]
 [0. 0. 0. 0. 0. 0. 0. 0. 0. 0. 0. 0. 0. 0. 0.]
 [0. 0. 0. 0. 0. 0. 0. 0. 0. 0. 0. 0. 0. 0. 0.]
 [0. 0. 0. 0. 0. 0. 0. 0. 0. 0. 0. 0. 0. 0. 0.]
 [0. 0. 0. 0. 0. 0. 0. 0. 0. 0. 0. 0. 0. 0. 0.]
 [0. 0. 0. 0. 0. 0. 0. 0. 0. 0. 0. 0. 0. 0. 0.]
 [0. 0. 0. 0. 0. 0. 0. 0. 0. 0. 0. 0. 0. 0. 0.]
 [0. 0. 0. 0. 0. 0. 0. 0. 0. 0. 0. 0. 0. 0. 0.]
 [0. 0. 0. 0. 0. 0. 0. 0. 0. 0. 0. 0. 0. 0. 0.]], dtype=float64):JaxprTrace(level=1/0)>, Traced<ConcreteArray([[0. 0. 0. 0. 0. 0. 0. 0. 0. 0. 0. 0. 0. 0. 0. 0. 0. 0. 0. 0. 0. 0. 0. 0.
  0. 0. 0. 0. 0. 0. 0. 0. 0. 0. 0. 0. 0. 0. 0. 0.]
 [0. 0. 0. 0. 0. 0. 0. 0. 0. 0. 0. 0. 0. 0. 0. 0. 0. 0. 0. 0. 0. 0. 0. 0.
  0. 0. 0. 0. 0. 0. 0. 0. 0. 0. 0. 0. 0. 0. 0. 0.]
 [0. 0. 0. 0. 0. 0. 0. 0. 0. 0. 0. 0. 0. 0. 0. 0. 0. 0. 0. 0. 0. 0. 0. 0.
  0. 0. 0. 0. 0. 0. 0. 0. 0. 0. 0. 0. 0. 0. 0. 0.]
 [0. 0. 0. 0. 0. 0. 0. 0. 0. 0. 0. 0. 0. 0. 0. 0. 0. 0. 0. 0. 0. 0. 0. 0.
  0. 0. 0. 0. 0. 0. 0. 0. 0. 0. 0. 0. 0. 0. 0. 0.]
 [0. 0. 0. 0. 0. 0. 0. 0. 0. 0. 0. 0. 0. 0. 0. 0. 0. 0. 0. 0. 0. 0. 0. 0.
  0. 0. 0. 0. 0. 0. 0. 0. 0. 0. 0. 0. 0. 0. 0. 0.]
 [0. 0. 0. 0. 0. 0. 0. 0. 0. 0. 0. 0. 0. 0. 0. 0. 0. 0. 0. 0. 0. 0. 0. 0.
  0. 0. 0. 0. 0. 0. 0. 0. 0. 0. 0. 0. 0. 0. 0. 0.]
 [0. 0. 0. 0. 0. 0. 0. 0. 0. 0. 0. 0. 0. 0. 0. 0. 0. 0. 0. 0. 0. 0. 0. 0.
  0. 0. 0. 0. 0. 0. 0. 0. 0. 0. 0. 0. 0. 0. 0. 0.]
 [0. 0. 0. 0. 0. 0. 0. 0. 0. 0. 0. 0. 0. 0. 0. 0. 0. 0. 0. 0. 0. 0. 0. 0.
  0. 0. 0. 0. 0. 0. 0. 0. 0. 0. 0. 0. 0. 0. 0. 0.]
 [0. 0. 0. 0. 0. 0. 0. 0. 0. 0. 0. 0. 0. 0. 0. 0. 0. 0. 0. 0. 0. 0. 0. 0.
  0. 0. 0. 0. 0. 0. 0. 0. 0. 0. 0. 0. 0. 0. 0. 0.]
 [0. 0. 0. 0. 0. 0. 0. 0. 0. 0. 0. 0. 0. 0. 0. 0. 0. 0. 0. 0. 0. 0. 0. 0.
  0. 0. 0. 0. 0. 0. 0. 0. 0. 0. 0. 0. 0. 0. 0. 0.]
 [0. 0. 0. 0. 0. 0. 0. 0. 0. 0. 0. 0. 0. 0. 0. 0. 0. 0. 0. 0. 0. 0. 0. 0.
  0. 0. 0. 0. 0. 0. 0. 0. 0. 0. 0. 0. 0. 0. 0. 0.]
 [0. 0. 0. 0. 0. 0. 0. 0. 0. 0. 0. 0. 0. 0. 0. 0. 0. 0. 0. 0. 0. 0. 0. 0.
  0. 0. 0. 0. 0. 0. 0. 0. 0. 0. 0. 0. 0. 0. 0. 0.]
 [0. 0. 0. 0. 0. 0. 0. 0. 0. 0. 0. 0. 0. 0. 0. 0. 0. 0. 0. 0. 0. 0. 0. 0.
  0. 0. 0. 0. 0. 0. 0. 0. 0. 0. 0. 0. 0. 0. 0. 0.]
 [0. 0. 0. 0. 0. 0. 0. 0. 0. 0. 0. 0. 0. 0. 0. 0. 0. 0. 0. 0. 0. 0. 0. 0.
  0. 0. 0. 0. 0. 0. 0. 0. 0. 0. 0. 0. 0. 0. 0. 0.]
 [0. 0. 0. 0. 0. 0. 0. 0. 0. 0. 0. 0. 0. 0. 0. 0. 0. 0. 0. 0. 0. 0. 0. 0.
  0. 0. 0. 0. 0. 0. 0. 0. 0. 0. 0. 0. 0. 0. 0. 0.]], dtype=float64):JaxprTrace(level=1/0)>, Traced<ConcreteArray([[0. 0. 0. 0. 0. 0. 0. 0. 0. 0. 0. 0. 0. 0. 0.]
 [0. 0. 0. 0. 0. 0. 0. 0. 0. 0. 0. 0. 0. 0. 0.]
 [0. 0. 0. 0. 0. 0. 0. 0. 0. 0. 0. 0. 0. 0. 0.]
 [0. 0. 0. 0. 0. 0. 0. 0. 0. 0. 0. 0. 0. 0. 0.]
 [0. 0. 0. 0. 0. 0. 0. 0. 0. 0. 0. 0. 0. 0. 0.]
 [0. 0. 0. 0. 0. 0. 0. 0. 0. 0. 0. 0. 0. 0. 0.]
 [0. 0. 0. 0. 0. 0. 0. 0. 0. 0. 0. 0. 0. 0. 0.]
 [0. 0. 0. 0. 0. 0. 0. 0. 0. 0. 0. 0. 0. 0. 0.]
 [0. 0. 0. 0. 0. 0. 0. 0. 0. 0. 0. 0. 0. 0. 0.]
 [0. 0. 0. 0. 0. 0. 0. 0. 0. 0. 0. 0. 0. 0. 0.]
 [0. 0. 0. 0. 0. 0. 0. 0. 0. 0. 0. 0. 0. 0. 0.]
 [0. 0. 0. 0. 0. 0. 0. 0. 0. 0. 0. 0. 0. 0. 0.]
 [0. 0. 0. 0. 0. 0. 0. 0. 0. 0. 0. 0. 0. 0. 0.]
 [0. 0. 0. 0. 0. 0. 0. 0. 0. 0. 0. 0. 0. 0. 0.]
 [0. 0. 0. 0. 0. 0. 0. 0. 0. 0. 0. 0. 0. 0. 0.]
 [0. 0. 0. 0. 0. 0. 0. 0. 0. 0. 0. 0. 0. 0. 0.]
 [0. 0. 0. 0. 0. 0. 0. 0. 0. 0. 0. 0. 0. 0. 0.]
 [0. 0. 0. 0. 0. 0. 0. 0. 0. 0. 0. 0. 0. 0. 0.]
 [0. 0. 0. 0. 0. 0. 0. 0. 0. 0. 0. 0. 0. 0. 0.]
 [0. 0. 0. 0. 0. 0. 0. 0. 0. 0. 0. 0. 0. 0. 0.]
 [0. 0. 0. 0. 0. 0. 0. 0. 0. 0. 0. 0. 0. 0. 0.]
 [0. 0. 0. 0. 0. 0. 0. 0. 0. 0. 0. 0. 0. 0. 0.]
 [0. 0. 0. 0. 0. 0. 0. 0. 0. 0. 0. 0. 0. 0. 0.]
 [0. 0. 0. 0. 0. 0. 0. 0. 0. 0. 0. 0. 0. 0. 0.]
 [0. 0. 0. 0. 0. 0. 0. 0. 0. 0. 0. 0. 0. 0. 0.]
 [0. 0. 0. 0. 0. 0. 0. 0. 0. 0. 0. 0. 0. 0. 0.]
 [0. 0. 0. 0. 0. 0. 0. 0. 0. 0. 0. 0. 0. 0. 0.]
 [0. 0. 0. 0. 0. 0. 0. 0. 0. 0. 0. 0. 0. 0. 0.]
 [0. 0. 0. 0. 0. 0. 0. 0. 0. 0. 0. 0. 0. 0. 0.]
 [0. 0. 0. 0. 0. 0. 0. 0. 0. 0. 0. 0. 0. 0. 0.]
 [0. 0. 0. 0. 0. 0. 0. 0. 0. 0. 0. 0. 0. 0. 0.]
 [0. 0. 0. 0. 0. 0. 0. 0. 0. 0. 0. 0. 0. 0. 0.]
 [0. 0. 0. 0. 0. 0. 0. 0. 0. 0. 0. 0. 0. 0. 0.]
 [0. 0. 0. 0. 0. 0. 0. 0. 0. 0. 0. 0. 0. 0. 0.]
 [0. 0. 0. 0. 0. 0. 0. 0. 0. 0. 0. 0. 0. 0. 0.]
 [0. 0. 0. 0. 0. 0. 0. 0. 0. 0. 0. 0. 0. 0. 0.]
 [0. 0. 0. 0. 0. 0. 0. 0. 0. 0. 0. 0. 0. 0. 0.]
 [0. 0. 0. 0. 0. 0. 0. 0. 0. 0. 0. 0. 0. 0. 0.]
 [0. 0. 0. 0. 0. 0. 0. 0. 0. 0. 0. 0. 0. 0. 0.]
 [0. 0. 0. 0. 0. 0. 0. 0. 0. 0. 0. 0. 0. 0. 0.]], dtype=float64):JaxprTrace(level=1/0)>, Traced<ConcreteArray([[0. 0. 0. ... 0. 0. 0.]
 [0. 0. 0. ... 0. 0. 0.]
 [0. 0. 0. ... 0. 0. 0.]
 ...
 [0. 0. 0. ... 0. 0. 0.]
 [0. 0. 0. ... 0. 0. 0.]
 [0. 0. 0. ... 0. 0. 0.]], dtype=float64):JaxprTrace(level=1/0)>), out_tracer_refs=[<weakref at 0x7f9a88359860; to 'JaxprTracer' at 0x7f9a88359f90>], out_avals=[ShapedArray(float64[60,60])], primitive=pjit, params={'jaxpr': { lambda ; a:f64[5,5] b:f64[5,15] c:f64[5,40] d:f64[15,5] e:f64[40,5] f:f64[15,15]
    g:f64[15,40] h:f64[40,15] i:f64[40,40]. let
    j:f64[5,60] = concatenate[dimension=1] a b c
    k:f64[15,60] = concatenate[dimension=1] d f g
    l:f64[40,60] = concatenate[dimension=1] e h i
    m:f64[60,60] = concatenate[dimension=0] j k l
  in (m,) }, 'in_shardings': (UnspecifiedValue, UnspecifiedValue, UnspecifiedValue, UnspecifiedValue, UnspecifiedValue, UnspecifiedValue, UnspecifiedValue, UnspecifiedValue, UnspecifiedValue), 'out_shardings': (UnspecifiedValue,), 'resource_env': None, 'donated_invars': (False, False, False, False, False, False, False, False, False), 'name': 'block', 'keep_unused': False, 'inline': False}, effects=set(), source_info=SourceInfo(traceback=<jaxlib.xla_extension.Traceback object at 0x7f9a88351930>, name_stack=NameStack(stack=(Transform(name='jvp'),))))
#############################################
#############################################
z_uncertain_list shape (5, 2)
z_uncertain_list [Traced<ShapedArray(float64[2])>with<JVPTrace(level=5/0)> with
  primal = Traced<ShapedArray(float64[2])>with<DynamicJaxprTrace(level=3/0)>
  tangent = Traced<ShapedArray(float64[2])>with<JaxprTrace(level=4/0)> with
    pval = (ShapedArray(float64[2]), None)
    recipe = LambdaBinding(), Traced<ShapedArray(float64[2])>with<JVPTrace(level=5/0)> with
  primal = Traced<ShapedArray(float64[2])>with<DynamicJaxprTrace(level=3/0)>
  tangent = Traced<ShapedArray(float64[2])>with<JaxprTrace(level=4/0)> with
    pval = (ShapedArray(float64[2]), None)
    recipe = LambdaBinding(), Traced<ShapedArray(float64[2])>with<JVPTrace(level=5/0)> with
  primal = Traced<ShapedArray(float64[2])>with<DynamicJaxprTrace(level=3/0)>
  tangent = Traced<ShapedArray(float64[2])>with<JaxprTrace(level=4/0)> with
    pval = (ShapedArray(float64[2]), None)
    recipe = LambdaBinding(), Traced<ShapedArray(float64[2])>with<JVPTrace(level=5/0)> with
  primal = Traced<ShapedArray(float64[2])>with<DynamicJaxprTrace(level=3/0)>
  tangent = Traced<ShapedArray(float64[2])>with<JaxprTrace(level=4/0)> with
    pval = (ShapedArray(float64[2]), None)
    recipe = LambdaBinding(), Traced<ShapedArray(float64[2])>with<JVPTrace(level=5/0)> with
  primal = Traced<ShapedArray(float64[2])>with<DynamicJaxprTrace(level=3/0)>
  tangent = Traced<ShapedArray(float64[2])>with<JaxprTrace(level=4/0)> with
    pval = (ShapedArray(float64[2]), None)
    recipe = LambdaBinding()]
#############################################
#############################################
#############################################
K shape: (60, 60)
K: Traced<ShapedArray(float64[60,60])>with<JVPTrace(level=5/0)> with
  primal = Traced<ShapedArray(float64[60,60])>with<DynamicJaxprTrace(level=3/0)>
  tangent = Traced<ShapedArray(float64[60,60])>with<JaxprTrace(level=4/0)> with
    pval = (ShapedArray(float64[60,60]), None)
    recipe = JaxprEqnRecipe(eqn_id=<object object at 0x7f9a687be180>, in_tracers=(Traced<ShapedArray(float64[5,5]):JaxprTrace(level=4/0)>, Traced<ShapedArray(float64[5,15]):JaxprTrace(level=4/0)>, Traced<ShapedArray(float64[5,40]):JaxprTrace(level=4/0)>, Traced<ShapedArray(float64[15,5]):JaxprTrace(level=4/0)>, Traced<ShapedArray(float64[40,5]):JaxprTrace(level=4/0)>, Traced<ShapedArray(float64[15,15]):JaxprTrace(level=4/0)>, Traced<ShapedArray(float64[15,40]):JaxprTrace(level=4/0)>, Traced<ShapedArray(float64[40,15]):JaxprTrace(level=4/0)>, Traced<ShapedArray(float64[40,40]):JaxprTrace(level=4/0)>), out_tracer_refs=[<weakref at 0x7f9a907239a0; to 'JaxprTracer' at 0x7f9a90723810>], out_avals=[ShapedArray(float64[60,60])], primitive=pjit, params={'jaxpr': { lambda ; a:f64[5,5] b:f64[5,15] c:f64[5,40] d:f64[15,5] e:f64[40,5] f:f64[15,15]
    g:f64[15,40] h:f64[40,15] i:f64[40,40]. let
    j:f64[5,60] = concatenate[dimension=1] a b c
    k:f64[15,60] = concatenate[dimension=1] d f g
    l:f64[40,60] = concatenate[dimension=1] e h i
    m:f64[60,60] = concatenate[dimension=0] j k l
  in (m,) }, 'in_shardings': (UnspecifiedValue, UnspecifiedValue, UnspecifiedValue, UnspecifiedValue, UnspecifiedValue, UnspecifiedValue, UnspecifiedValue, UnspecifiedValue, UnspecifiedValue), 'out_shardings': (UnspecifiedValue,), 'resource_env': None, 'donated_invars': (False, False, False, False, False, False, False, False, False), 'name': 'block', 'keep_unused': False, 'inline': False}, effects=set(), source_info=SourceInfo(traceback=<jaxlib.xla_extension.Traceback object at 0x7f9a8846e7f0>, name_stack=NameStack(stack=(Transform(name='jvp'),))))
#############################################

                     mean       std    median      5.0%     95.0%     n_eff     r_hat
z_uncertain0[0]      0.35      0.16      0.36      0.34      0.54     40.57      1.04
z_uncertain0[1]     -0.14      0.18     -0.13     -0.17      0.00      8.94      1.23
z_uncertain1[0]     -0.00      0.00     -0.00     -0.01      0.00     10.88      1.07
z_uncertain1[1]      0.94      0.00      0.94      0.94      0.95      6.60      1.05
z_uncertain2[0]      0.35      0.16      0.37      0.34      0.52     42.06      1.04
z_uncertain2[1]     -0.14      0.18     -0.13     -0.17      0.00      8.96      1.23
z_uncertain3[0]      0.34      0.15      0.37      0.24      0.41     42.58      1.01
z_uncertain3[1]     -0.14      0.18     -0.13     -0.17      0.00      8.94      1.23
z_uncertain4[0]      0.37      0.06      0.37      0.34      0.52     46.95      1.03
z_uncertain4[1]     -0.14      0.17     -0.13     -0.17      0.00      8.58      1.24

Number of divergences: 54
#############################################
Posterior samples keys: dict_keys(['z_uncertain0', 'z_uncertain1', 'z_uncertain2', 'z_uncertain3', 'z_uncertain4'])
#############################################
Script finished in 4 minutes and 17 seconds.
