hpc-node01
	Adding nVidia Cuda Toolkit 11.8
	Adding nVidia cuDNN 8.6 (.0.163)
	Adding nvtop
Fri Jun 14 14:58:44 2024       
+-----------------------------------------------------------------------------------------+
| NVIDIA-SMI 550.54.15              Driver Version: 550.54.15      CUDA Version: 12.4     |
|-----------------------------------------+------------------------+----------------------+
| GPU  Name                 Persistence-M | Bus-Id          Disp.A | Volatile Uncorr. ECC |
| Fan  Temp   Perf          Pwr:Usage/Cap |           Memory-Usage | GPU-Util  Compute M. |
|                                         |                        |               MIG M. |
|=========================================+========================+======================|
|   0  NVIDIA L40                     On  |   00000000:17:00.0 Off |                    0 |
| N/A   31C    P0             53W /  300W |     434MiB /  46068MiB |      0%      Default |
|                                         |                        |                  N/A |
+-----------------------------------------+------------------------+----------------------+
|   1  NVIDIA L40                     On  |   00000000:65:00.0 Off |                    0 |
| N/A   29C    P8             24W /  300W |       0MiB /  46068MiB |      0%      Default |
|                                         |                        |                  N/A |
+-----------------------------------------+------------------------+----------------------+
|   2  NVIDIA L40                     On  |   00000000:CA:00.0 Off |                    0 |
| N/A   30C    P8             24W /  300W |       0MiB /  46068MiB |      0%      Default |
|                                         |                        |                  N/A |
+-----------------------------------------+------------------------+----------------------+
|   3  NVIDIA L40                     On  |   00000000:E3:00.0 Off |                    0 |
| N/A   31C    P8             24W /  300W |       0MiB /  46068MiB |      0%      Default |
|                                         |                        |                  N/A |
+-----------------------------------------+------------------------+----------------------+
                                                                                         
+-----------------------------------------------------------------------------------------+
| Processes:                                                                              |
|  GPU   GI   CI        PID   Type   Process name                              GPU Memory |
|        ID   ID                                                               Usage      |
|=========================================================================================|
|    0   N/A  N/A      2577      C   python                                        426MiB |
+-----------------------------------------------------------------------------------------+
Date              = Fri Jun 14 14:58:45 CEST 2024
Hostname          = hpc-node01
Working Directory = /local/293389
Number of nodes used        : 1
Number of MPI tasks         : 1
Number of threads           : 16
Number of MPI tasks per node: 1
Number of threads per core  : 
Name of nodes used          : hpc-node01
Gpu devices                 : 1
Starting worker: 
Xu_fixed:  [[0.         0.95006237]
 [0.         0.94521492]
 [0.         0.39422269]
 [0.         0.34238744]
 [0.         0.53206767]
 [0.42300447 0.        ]
 [0.37513696 0.        ]
 [0.51259359 0.        ]
 [0.54022212 0.        ]
 [0.25327558 0.        ]
 [1.         0.39326737]
 [1.         0.69942523]
 [1.         0.78878791]
 [1.         0.39758325]
 [1.         0.41364807]]
sigma_init_yu: 0.38241191379969613	sigma_init_yf: 18.110598031070833	sigma_init: 15.277121536300566
new_sigma_init_yu: 0.38241191379969613	new_sigma_init_yf: 0.5572528169817925	new_sigma_init: 0.5579119724591024
Xu_noise: [[ 0.53441744 -0.01512023]
 [ 0.37383673  0.84915495]
 [ 0.61160043  0.25683977]
 [ 0.21138835  0.81214232]
 [ 0.47124844  0.27870854]]
Xu_noise shape: (5, 2)
adam
0.001000
1000
Initial loss: 2314156.529348501
Final loss: 141.6663817812965
start inference
#############################################
z_uncertain_list shape (5, 2)
z_uncertain_list [Array([-1.76454453, -1.51903835], dtype=float64), Array([-1.98821115,  0.95416878], dtype=float64), Array([-1.71451219, -1.88926965], dtype=float64), Array([-1.71825484, -1.25457576], dtype=float64), Array([ 0.34365003, -0.81738059], dtype=float64)]
#############################################
#############################################
#############################################
K shape: (60, 60)
K: [[ 1.85950141e+000  8.32240108e-129  2.44690771e-003 ... -6.77299384e-101
  -5.73085374e-122 -2.98792859e-090]
 [ 8.32240108e-129  1.85950141e+000  4.01140027e-170 ... -2.72335965e-010
  -2.47348330e-007 -6.89922510e-014]
 [ 2.44690771e-003  4.01140027e-170  1.85950141e+000 ... -1.93974960e-136
  -4.09805367e-161 -1.18466241e-123]
 ...
 [-6.77299384e-101 -2.72335965e-010 -1.93974960e-136 ...  5.03028682e+002
  -3.38555088e+001  2.56574777e+001]
 [-5.73085374e-122 -2.47348330e-007 -4.09805367e-161 ... -3.38555088e+001
   5.03028682e+002 -2.45873237e+000]
 [-2.98792859e-090 -6.89922510e-014 -1.18466241e-123 ...  2.56574777e+001
  -2.45873237e+000  5.03028682e+002]]
#############################################
#############################################
z_uncertain_list shape (5, 2)
z_uncertain_list [Traced<ConcreteArray([-1.76454453 -1.51903835], dtype=float64)>with<JVPTrace(level=2/0)> with
  primal = Array([-1.76454453, -1.51903835], dtype=float64)
  tangent = Traced<ShapedArray(float64[2])>with<JaxprTrace(level=1/0)> with
    pval = (ShapedArray(float64[2]), None)
    recipe = LambdaBinding(), Traced<ConcreteArray([-1.98821115  0.95416878], dtype=float64)>with<JVPTrace(level=2/0)> with
  primal = Array([-1.98821115,  0.95416878], dtype=float64)
  tangent = Traced<ShapedArray(float64[2])>with<JaxprTrace(level=1/0)> with
    pval = (ShapedArray(float64[2]), None)
    recipe = LambdaBinding(), Traced<ConcreteArray([-1.71451219 -1.88926965], dtype=float64)>with<JVPTrace(level=2/0)> with
  primal = Array([-1.71451219, -1.88926965], dtype=float64)
  tangent = Traced<ShapedArray(float64[2])>with<JaxprTrace(level=1/0)> with
    pval = (ShapedArray(float64[2]), None)
    recipe = LambdaBinding(), Traced<ConcreteArray([-1.71825484 -1.25457576], dtype=float64)>with<JVPTrace(level=2/0)> with
  primal = Array([-1.71825484, -1.25457576], dtype=float64)
  tangent = Traced<ShapedArray(float64[2])>with<JaxprTrace(level=1/0)> with
    pval = (ShapedArray(float64[2]), None)
    recipe = LambdaBinding(), Traced<ConcreteArray([ 0.34365003 -0.81738059], dtype=float64)>with<JVPTrace(level=2/0)> with
  primal = Array([ 0.34365003, -0.81738059], dtype=float64)
  tangent = Traced<ShapedArray(float64[2])>with<JaxprTrace(level=1/0)> with
    pval = (ShapedArray(float64[2]), None)
    recipe = LambdaBinding()]
#############################################
#############################################
#############################################
K shape: (60, 60)
K: Traced<ConcreteArray([[ 1.85950141e+000  8.32240108e-129  2.44690771e-003 ... -6.77299384e-101
  -5.73085374e-122 -2.98792859e-090]
 [ 8.32240108e-129  1.85950141e+000  4.01140027e-170 ... -2.72335965e-010
  -2.47348330e-007 -6.89922510e-014]
 [ 2.44690771e-003  4.01140027e-170  1.85950141e+000 ... -1.93974960e-136
  -4.09805367e-161 -1.18466241e-123]
 ...
 [-6.77299384e-101 -2.72335965e-010 -1.93974960e-136 ...  5.03028682e+002
  -3.38555088e+001  2.56574777e+001]
 [-5.73085374e-122 -2.47348330e-007 -4.09805367e-161 ... -3.38555088e+001
   5.03028682e+002 -2.45873237e+000]
 [-2.98792859e-090 -6.89922510e-014 -1.18466241e-123 ...  2.56574777e+001
  -2.45873237e+000  5.03028682e+002]], dtype=float64)>with<JVPTrace(level=2/0)> with
  primal = Array([[ 1.85950141e+000,  8.32240108e-129,  2.44690771e-003, ...,
        -6.77299384e-101, -5.73085374e-122, -2.98792859e-090],
       [ 8.32240108e-129,  1.85950141e+000,  4.01140027e-170, ...,
        -2.72335965e-010, -2.47348330e-007, -6.89922510e-014],
       [ 2.44690771e-003,  4.01140027e-170,  1.85950141e+000, ...,
        -1.93974960e-136, -4.09805367e-161, -1.18466241e-123],
       ...,
       [-6.77299384e-101, -2.72335965e-010, -1.93974960e-136, ...,
         5.03028682e+002, -3.38555088e+001,  2.56574777e+001],
       [-5.73085374e-122, -2.47348330e-007, -4.09805367e-161, ...,
        -3.38555088e+001,  5.03028682e+002, -2.45873237e+000],
       [-2.98792859e-090, -6.89922510e-014, -1.18466241e-123, ...,
         2.56574777e+001, -2.45873237e+000,  5.03028682e+002]],      dtype=float64)
  tangent = Traced<ShapedArray(float64[60,60])>with<JaxprTrace(level=1/0)> with
    pval = (ShapedArray(float64[60,60]), None)
    recipe = JaxprEqnRecipe(eqn_id=<object object at 0x7f3e72226f80>, in_tracers=(Traced<ShapedArray(float64[5,5]):JaxprTrace(level=1/0)>, Traced<ShapedArray(float64[5,15]):JaxprTrace(level=1/0)>, Traced<ShapedArray(float64[5,40]):JaxprTrace(level=1/0)>, Traced<ShapedArray(float64[15,5]):JaxprTrace(level=1/0)>, Traced<ShapedArray(float64[40,5]):JaxprTrace(level=1/0)>, Traced<ConcreteArray([[0. 0. 0. 0. 0. 0. 0. 0. 0. 0. 0. 0. 0. 0. 0.]
 [0. 0. 0. 0. 0. 0. 0. 0. 0. 0. 0. 0. 0. 0. 0.]
 [0. 0. 0. 0. 0. 0. 0. 0. 0. 0. 0. 0. 0. 0. 0.]
 [0. 0. 0. 0. 0. 0. 0. 0. 0. 0. 0. 0. 0. 0. 0.]
 [0. 0. 0. 0. 0. 0. 0. 0. 0. 0. 0. 0. 0. 0. 0.]
 [0. 0. 0. 0. 0. 0. 0. 0. 0. 0. 0. 0. 0. 0. 0.]
 [0. 0. 0. 0. 0. 0. 0. 0. 0. 0. 0. 0. 0. 0. 0.]
 [0. 0. 0. 0. 0. 0. 0. 0. 0. 0. 0. 0. 0. 0. 0.]
 [0. 0. 0. 0. 0. 0. 0. 0. 0. 0. 0. 0. 0. 0. 0.]
 [0. 0. 0. 0. 0. 0. 0. 0. 0. 0. 0. 0. 0. 0. 0.]
 [0. 0. 0. 0. 0. 0. 0. 0. 0. 0. 0. 0. 0. 0. 0.]
 [0. 0. 0. 0. 0. 0. 0. 0. 0. 0. 0. 0. 0. 0. 0.]
 [0. 0. 0. 0. 0. 0. 0. 0. 0. 0. 0. 0. 0. 0. 0.]
 [0. 0. 0. 0. 0. 0. 0. 0. 0. 0. 0. 0. 0. 0. 0.]
 [0. 0. 0. 0. 0. 0. 0. 0. 0. 0. 0. 0. 0. 0. 0.]], dtype=float64):JaxprTrace(level=1/0)>, Traced<ConcreteArray([[0. 0. 0. 0. 0. 0. 0. 0. 0. 0. 0. 0. 0. 0. 0. 0. 0. 0. 0. 0. 0. 0. 0. 0.
  0. 0. 0. 0. 0. 0. 0. 0. 0. 0. 0. 0. 0. 0. 0. 0.]
 [0. 0. 0. 0. 0. 0. 0. 0. 0. 0. 0. 0. 0. 0. 0. 0. 0. 0. 0. 0. 0. 0. 0. 0.
  0. 0. 0. 0. 0. 0. 0. 0. 0. 0. 0. 0. 0. 0. 0. 0.]
 [0. 0. 0. 0. 0. 0. 0. 0. 0. 0. 0. 0. 0. 0. 0. 0. 0. 0. 0. 0. 0. 0. 0. 0.
  0. 0. 0. 0. 0. 0. 0. 0. 0. 0. 0. 0. 0. 0. 0. 0.]
 [0. 0. 0. 0. 0. 0. 0. 0. 0. 0. 0. 0. 0. 0. 0. 0. 0. 0. 0. 0. 0. 0. 0. 0.
  0. 0. 0. 0. 0. 0. 0. 0. 0. 0. 0. 0. 0. 0. 0. 0.]
 [0. 0. 0. 0. 0. 0. 0. 0. 0. 0. 0. 0. 0. 0. 0. 0. 0. 0. 0. 0. 0. 0. 0. 0.
  0. 0. 0. 0. 0. 0. 0. 0. 0. 0. 0. 0. 0. 0. 0. 0.]
 [0. 0. 0. 0. 0. 0. 0. 0. 0. 0. 0. 0. 0. 0. 0. 0. 0. 0. 0. 0. 0. 0. 0. 0.
  0. 0. 0. 0. 0. 0. 0. 0. 0. 0. 0. 0. 0. 0. 0. 0.]
 [0. 0. 0. 0. 0. 0. 0. 0. 0. 0. 0. 0. 0. 0. 0. 0. 0. 0. 0. 0. 0. 0. 0. 0.
  0. 0. 0. 0. 0. 0. 0. 0. 0. 0. 0. 0. 0. 0. 0. 0.]
 [0. 0. 0. 0. 0. 0. 0. 0. 0. 0. 0. 0. 0. 0. 0. 0. 0. 0. 0. 0. 0. 0. 0. 0.
  0. 0. 0. 0. 0. 0. 0. 0. 0. 0. 0. 0. 0. 0. 0. 0.]
 [0. 0. 0. 0. 0. 0. 0. 0. 0. 0. 0. 0. 0. 0. 0. 0. 0. 0. 0. 0. 0. 0. 0. 0.
  0. 0. 0. 0. 0. 0. 0. 0. 0. 0. 0. 0. 0. 0. 0. 0.]
 [0. 0. 0. 0. 0. 0. 0. 0. 0. 0. 0. 0. 0. 0. 0. 0. 0. 0. 0. 0. 0. 0. 0. 0.
  0. 0. 0. 0. 0. 0. 0. 0. 0. 0. 0. 0. 0. 0. 0. 0.]
 [0. 0. 0. 0. 0. 0. 0. 0. 0. 0. 0. 0. 0. 0. 0. 0. 0. 0. 0. 0. 0. 0. 0. 0.
  0. 0. 0. 0. 0. 0. 0. 0. 0. 0. 0. 0. 0. 0. 0. 0.]
 [0. 0. 0. 0. 0. 0. 0. 0. 0. 0. 0. 0. 0. 0. 0. 0. 0. 0. 0. 0. 0. 0. 0. 0.
  0. 0. 0. 0. 0. 0. 0. 0. 0. 0. 0. 0. 0. 0. 0. 0.]
 [0. 0. 0. 0. 0. 0. 0. 0. 0. 0. 0. 0. 0. 0. 0. 0. 0. 0. 0. 0. 0. 0. 0. 0.
  0. 0. 0. 0. 0. 0. 0. 0. 0. 0. 0. 0. 0. 0. 0. 0.]
 [0. 0. 0. 0. 0. 0. 0. 0. 0. 0. 0. 0. 0. 0. 0. 0. 0. 0. 0. 0. 0. 0. 0. 0.
  0. 0. 0. 0. 0. 0. 0. 0. 0. 0. 0. 0. 0. 0. 0. 0.]
 [0. 0. 0. 0. 0. 0. 0. 0. 0. 0. 0. 0. 0. 0. 0. 0. 0. 0. 0. 0. 0. 0. 0. 0.
  0. 0. 0. 0. 0. 0. 0. 0. 0. 0. 0. 0. 0. 0. 0. 0.]], dtype=float64):JaxprTrace(level=1/0)>, Traced<ConcreteArray([[0. 0. 0. 0. 0. 0. 0. 0. 0. 0. 0. 0. 0. 0. 0.]
 [0. 0. 0. 0. 0. 0. 0. 0. 0. 0. 0. 0. 0. 0. 0.]
 [0. 0. 0. 0. 0. 0. 0. 0. 0. 0. 0. 0. 0. 0. 0.]
 [0. 0. 0. 0. 0. 0. 0. 0. 0. 0. 0. 0. 0. 0. 0.]
 [0. 0. 0. 0. 0. 0. 0. 0. 0. 0. 0. 0. 0. 0. 0.]
 [0. 0. 0. 0. 0. 0. 0. 0. 0. 0. 0. 0. 0. 0. 0.]
 [0. 0. 0. 0. 0. 0. 0. 0. 0. 0. 0. 0. 0. 0. 0.]
 [0. 0. 0. 0. 0. 0. 0. 0. 0. 0. 0. 0. 0. 0. 0.]
 [0. 0. 0. 0. 0. 0. 0. 0. 0. 0. 0. 0. 0. 0. 0.]
 [0. 0. 0. 0. 0. 0. 0. 0. 0. 0. 0. 0. 0. 0. 0.]
 [0. 0. 0. 0. 0. 0. 0. 0. 0. 0. 0. 0. 0. 0. 0.]
 [0. 0. 0. 0. 0. 0. 0. 0. 0. 0. 0. 0. 0. 0. 0.]
 [0. 0. 0. 0. 0. 0. 0. 0. 0. 0. 0. 0. 0. 0. 0.]
 [0. 0. 0. 0. 0. 0. 0. 0. 0. 0. 0. 0. 0. 0. 0.]
 [0. 0. 0. 0. 0. 0. 0. 0. 0. 0. 0. 0. 0. 0. 0.]
 [0. 0. 0. 0. 0. 0. 0. 0. 0. 0. 0. 0. 0. 0. 0.]
 [0. 0. 0. 0. 0. 0. 0. 0. 0. 0. 0. 0. 0. 0. 0.]
 [0. 0. 0. 0. 0. 0. 0. 0. 0. 0. 0. 0. 0. 0. 0.]
 [0. 0. 0. 0. 0. 0. 0. 0. 0. 0. 0. 0. 0. 0. 0.]
 [0. 0. 0. 0. 0. 0. 0. 0. 0. 0. 0. 0. 0. 0. 0.]
 [0. 0. 0. 0. 0. 0. 0. 0. 0. 0. 0. 0. 0. 0. 0.]
 [0. 0. 0. 0. 0. 0. 0. 0. 0. 0. 0. 0. 0. 0. 0.]
 [0. 0. 0. 0. 0. 0. 0. 0. 0. 0. 0. 0. 0. 0. 0.]
 [0. 0. 0. 0. 0. 0. 0. 0. 0. 0. 0. 0. 0. 0. 0.]
 [0. 0. 0. 0. 0. 0. 0. 0. 0. 0. 0. 0. 0. 0. 0.]
 [0. 0. 0. 0. 0. 0. 0. 0. 0. 0. 0. 0. 0. 0. 0.]
 [0. 0. 0. 0. 0. 0. 0. 0. 0. 0. 0. 0. 0. 0. 0.]
 [0. 0. 0. 0. 0. 0. 0. 0. 0. 0. 0. 0. 0. 0. 0.]
 [0. 0. 0. 0. 0. 0. 0. 0. 0. 0. 0. 0. 0. 0. 0.]
 [0. 0. 0. 0. 0. 0. 0. 0. 0. 0. 0. 0. 0. 0. 0.]
 [0. 0. 0. 0. 0. 0. 0. 0. 0. 0. 0. 0. 0. 0. 0.]
 [0. 0. 0. 0. 0. 0. 0. 0. 0. 0. 0. 0. 0. 0. 0.]
 [0. 0. 0. 0. 0. 0. 0. 0. 0. 0. 0. 0. 0. 0. 0.]
 [0. 0. 0. 0. 0. 0. 0. 0. 0. 0. 0. 0. 0. 0. 0.]
 [0. 0. 0. 0. 0. 0. 0. 0. 0. 0. 0. 0. 0. 0. 0.]
 [0. 0. 0. 0. 0. 0. 0. 0. 0. 0. 0. 0. 0. 0. 0.]
 [0. 0. 0. 0. 0. 0. 0. 0. 0. 0. 0. 0. 0. 0. 0.]
 [0. 0. 0. 0. 0. 0. 0. 0. 0. 0. 0. 0. 0. 0. 0.]
 [0. 0. 0. 0. 0. 0. 0. 0. 0. 0. 0. 0. 0. 0. 0.]
 [0. 0. 0. 0. 0. 0. 0. 0. 0. 0. 0. 0. 0. 0. 0.]], dtype=float64):JaxprTrace(level=1/0)>, Traced<ConcreteArray([[0. 0. 0. ... 0. 0. 0.]
 [0. 0. 0. ... 0. 0. 0.]
 [0. 0. 0. ... 0. 0. 0.]
 ...
 [0. 0. 0. ... 0. 0. 0.]
 [0. 0. 0. ... 0. 0. 0.]
 [0. 0. 0. ... 0. 0. 0.]], dtype=float64):JaxprTrace(level=1/0)>), out_tracer_refs=[<weakref at 0x7f3e7207a1d0; to 'JaxprTracer' at 0x7f3e7207a180>], out_avals=[ShapedArray(float64[60,60])], primitive=pjit, params={'jaxpr': { lambda ; a:f64[5,5] b:f64[5,15] c:f64[5,40] d:f64[15,5] e:f64[40,5] f:f64[15,15]
    g:f64[15,40] h:f64[40,15] i:f64[40,40]. let
    j:f64[5,60] = concatenate[dimension=1] a b c
    k:f64[15,60] = concatenate[dimension=1] d f g
    l:f64[40,60] = concatenate[dimension=1] e h i
    m:f64[60,60] = concatenate[dimension=0] j k l
  in (m,) }, 'in_shardings': (UnspecifiedValue, UnspecifiedValue, UnspecifiedValue, UnspecifiedValue, UnspecifiedValue, UnspecifiedValue, UnspecifiedValue, UnspecifiedValue, UnspecifiedValue), 'out_shardings': (UnspecifiedValue,), 'resource_env': None, 'donated_invars': (False, False, False, False, False, False, False, False, False), 'name': 'block', 'keep_unused': False, 'inline': False}, effects=set(), source_info=SourceInfo(traceback=<jaxlib.xla_extension.Traceback object at 0x7f3e72078e30>, name_stack=NameStack(stack=(Transform(name='jvp'),))))
#############################################
#############################################
z_uncertain_list shape (5, 2)
z_uncertain_list [Traced<ShapedArray(float64[2])>with<JVPTrace(level=5/0)> with
  primal = Traced<ShapedArray(float64[2])>with<DynamicJaxprTrace(level=3/0)>
  tangent = Traced<ShapedArray(float64[2])>with<JaxprTrace(level=4/0)> with
    pval = (ShapedArray(float64[2]), None)
    recipe = LambdaBinding(), Traced<ShapedArray(float64[2])>with<JVPTrace(level=5/0)> with
  primal = Traced<ShapedArray(float64[2])>with<DynamicJaxprTrace(level=3/0)>
  tangent = Traced<ShapedArray(float64[2])>with<JaxprTrace(level=4/0)> with
    pval = (ShapedArray(float64[2]), None)
    recipe = LambdaBinding(), Traced<ShapedArray(float64[2])>with<JVPTrace(level=5/0)> with
  primal = Traced<ShapedArray(float64[2])>with<DynamicJaxprTrace(level=3/0)>
  tangent = Traced<ShapedArray(float64[2])>with<JaxprTrace(level=4/0)> with
    pval = (ShapedArray(float64[2]), None)
    recipe = LambdaBinding(), Traced<ShapedArray(float64[2])>with<JVPTrace(level=5/0)> with
  primal = Traced<ShapedArray(float64[2])>with<DynamicJaxprTrace(level=3/0)>
  tangent = Traced<ShapedArray(float64[2])>with<JaxprTrace(level=4/0)> with
    pval = (ShapedArray(float64[2]), None)
    recipe = LambdaBinding(), Traced<ShapedArray(float64[2])>with<JVPTrace(level=5/0)> with
  primal = Traced<ShapedArray(float64[2])>with<DynamicJaxprTrace(level=3/0)>
  tangent = Traced<ShapedArray(float64[2])>with<JaxprTrace(level=4/0)> with
    pval = (ShapedArray(float64[2]), None)
    recipe = LambdaBinding()]
#############################################
#############################################
#############################################
K shape: (60, 60)
K: Traced<ShapedArray(float64[60,60])>with<JVPTrace(level=5/0)> with
  primal = Traced<ShapedArray(float64[60,60])>with<DynamicJaxprTrace(level=3/0)>
  tangent = Traced<ShapedArray(float64[60,60])>with<JaxprTrace(level=4/0)> with
    pval = (ShapedArray(float64[60,60]), None)
    recipe = JaxprEqnRecipe(eqn_id=<object object at 0x7f3e6c578180>, in_tracers=(Traced<ShapedArray(float64[5,5]):JaxprTrace(level=4/0)>, Traced<ShapedArray(float64[5,15]):JaxprTrace(level=4/0)>, Traced<ShapedArray(float64[5,40]):JaxprTrace(level=4/0)>, Traced<ShapedArray(float64[15,5]):JaxprTrace(level=4/0)>, Traced<ShapedArray(float64[40,5]):JaxprTrace(level=4/0)>, Traced<ShapedArray(float64[15,15]):JaxprTrace(level=4/0)>, Traced<ShapedArray(float64[15,40]):JaxprTrace(level=4/0)>, Traced<ShapedArray(float64[40,15]):JaxprTrace(level=4/0)>, Traced<ShapedArray(float64[40,40]):JaxprTrace(level=4/0)>), out_tracer_refs=[<weakref at 0x7f3e6c4fe2c0; to 'JaxprTracer' at 0x7f3e6c4fe270>], out_avals=[ShapedArray(float64[60,60])], primitive=pjit, params={'jaxpr': { lambda ; a:f64[5,5] b:f64[5,15] c:f64[5,40] d:f64[15,5] e:f64[40,5] f:f64[15,15]
    g:f64[15,40] h:f64[40,15] i:f64[40,40]. let
    j:f64[5,60] = concatenate[dimension=1] a b c
    k:f64[15,60] = concatenate[dimension=1] d f g
    l:f64[40,60] = concatenate[dimension=1] e h i
    m:f64[60,60] = concatenate[dimension=0] j k l
  in (m,) }, 'in_shardings': (UnspecifiedValue, UnspecifiedValue, UnspecifiedValue, UnspecifiedValue, UnspecifiedValue, UnspecifiedValue, UnspecifiedValue, UnspecifiedValue, UnspecifiedValue), 'out_shardings': (UnspecifiedValue,), 'resource_env': None, 'donated_invars': (False, False, False, False, False, False, False, False, False), 'name': 'block', 'keep_unused': False, 'inline': False}, effects=set(), source_info=SourceInfo(traceback=<jaxlib.xla_extension.Traceback object at 0x7f3e72207af0>, name_stack=NameStack(stack=(Transform(name='jvp'),))))
#############################################

                     mean       std    median      5.0%     95.0%     n_eff     r_hat
z_uncertain0[0]      0.40      0.24      0.47      0.12      0.57     11.40      1.10
z_uncertain0[1]     -0.03      0.13     -0.00     -0.03      0.00     14.96      1.07
z_uncertain1[0]     -0.00      0.01     -0.00     -0.01      0.01    252.39      1.00
z_uncertain1[1]      0.95      0.00      0.95      0.94      0.95    393.25      1.01
z_uncertain2[0]      0.42      0.25      0.50      0.12      0.58     10.95      1.10
z_uncertain2[1]     -0.03      0.13     -0.00     -0.03      0.01     15.00      1.07
z_uncertain3[0]      0.24      0.19      0.28      0.12      0.51     13.06      1.10
z_uncertain3[1]     -0.03      0.13      0.00     -0.03      0.01     14.90      1.07
z_uncertain4[0]      0.41      0.08      0.42      0.27      0.52     55.71      1.00
z_uncertain4[1]     -0.00      0.02     -0.00     -0.00      0.00    243.82      1.00

Number of divergences: 7
#############################################
z_uncertain_list shape (5, 2)
z_uncertain_list [Array([ 0.64820528, -0.02945166], dtype=float64), Array([0.36722949, 0.92843314], dtype=float64), Array([0.39108601, 0.11545244], dtype=float64), Array([0.25267062, 0.93632514], dtype=float64), Array([0.38512892, 0.26972524], dtype=float64)]
#############################################
#############################################
#############################################
K shape: (60, 60)
K: [[ 1.85950141e+00  7.86631423e-20  5.21178384e-01 ... -2.43025535e-07
  -1.42802109e-14 -3.77478058e-04]
 [ 7.86631423e-20  1.85950141e+00  2.55119046e-14 ...  5.08986981e-01
   2.05151357e+01  3.30894318e-03]
 [ 5.21178384e-01  2.55119046e-14  1.85950141e+00 ... -5.57085074e-04
  -1.07392211e-09 -9.54710591e-02]
 ...
 [-2.43025535e-07  5.08986981e-01 -5.57085074e-04 ...  5.03028682e+02
  -3.38555088e+01  2.56574777e+01]
 [-1.42802109e-14  2.05151357e+01 -1.07392211e-09 ... -3.38555088e+01
   5.03028682e+02 -2.45873237e+00]
 [-3.77478058e-04  3.30894318e-03 -9.54710591e-02 ...  2.56574777e+01
  -2.45873237e+00  5.03028682e+02]]
#############################################
#############################################
z_uncertain_list shape (5, 2)
z_uncertain_list [Traced<ShapedArray(float64[2])>with<DynamicJaxprTrace(level=1/0)>, Traced<ShapedArray(float64[2])>with<DynamicJaxprTrace(level=1/0)>, Traced<ShapedArray(float64[2])>with<DynamicJaxprTrace(level=1/0)>, Traced<ShapedArray(float64[2])>with<DynamicJaxprTrace(level=1/0)>, Traced<ShapedArray(float64[2])>with<DynamicJaxprTrace(level=1/0)>]
#############################################
#############################################
#############################################
K shape: (60, 60)
K: Traced<ShapedArray(float64[60,60])>with<DynamicJaxprTrace(level=1/0)>
#############################################
                  mean  ...  r_hat
z_uncertain0[0]  0.401  ...    NaN
z_uncertain0[1] -0.035  ...    NaN
z_uncertain1[0] -0.002  ...    NaN
z_uncertain1[1]  0.947  ...    NaN
z_uncertain2[0]  0.422  ...    NaN
z_uncertain2[1] -0.034  ...    NaN
z_uncertain3[0]  0.243  ...    NaN
z_uncertain3[1] -0.034  ...    NaN
z_uncertain4[0]  0.409  ...    NaN
z_uncertain4[1] -0.001  ...    NaN

[10 rows x 9 columns]
Script finished in 6 minutes and 46 seconds.
