hpc-node01
	Adding nVidia Cuda Toolkit 11.8
	Adding nVidia cuDNN 8.6 (.0.163)
	Adding nvtop
Fri Jun 14 17:03:11 2024       
+-----------------------------------------------------------------------------------------+
| NVIDIA-SMI 550.54.15              Driver Version: 550.54.15      CUDA Version: 12.4     |
|-----------------------------------------+------------------------+----------------------+
| GPU  Name                 Persistence-M | Bus-Id          Disp.A | Volatile Uncorr. ECC |
| Fan  Temp   Perf          Pwr:Usage/Cap |           Memory-Usage | GPU-Util  Compute M. |
|                                         |                        |               MIG M. |
|=========================================+========================+======================|
|   0  NVIDIA L40                     On  |   00000000:17:00.0 Off |                    0 |
| N/A   46C    P0             92W /  300W |     696MiB /  46068MiB |     81%      Default |
|                                         |                        |                  N/A |
+-----------------------------------------+------------------------+----------------------+
|   1  NVIDIA L40                     On  |   00000000:65:00.0 Off |                    0 |
| N/A   31C    P8             34W /  300W |       0MiB /  46068MiB |      0%      Default |
|                                         |                        |                  N/A |
+-----------------------------------------+------------------------+----------------------+
|   2  NVIDIA L40                     On  |   00000000:CA:00.0 Off |                    0 |
| N/A   46C    P0             92W /  300W |     694MiB /  46068MiB |     98%      Default |
|                                         |                        |                  N/A |
+-----------------------------------------+------------------------+----------------------+
|   3  NVIDIA L40                     On  |   00000000:E3:00.0 Off |                    0 |
| N/A   33C    P8             35W /  300W |       0MiB /  46068MiB |      0%      Default |
|                                         |                        |                  N/A |
+-----------------------------------------+------------------------+----------------------+
                                                                                         
+-----------------------------------------------------------------------------------------+
| Processes:                                                                              |
|  GPU   GI   CI        PID   Type   Process name                              GPU Memory |
|        ID   ID                                                               Usage      |
|=========================================================================================|
|    0   N/A  N/A     14840      C   python                                        688MiB |
|    2   N/A  N/A     15774      C   python                                        686MiB |
+-----------------------------------------------------------------------------------------+
Date              = Fri Jun 14 17:03:12 CEST 2024
Hostname          = hpc-node01
Working Directory = /local/293462
Number of nodes used        : 1
Number of MPI tasks         : 1
Number of threads           : 16
Number of MPI tasks per node: 1
Number of threads per core  : 
Name of nodes used          : hpc-node01
Gpu devices                 : 1
Starting worker: 
Xu_fixed:  [[0.         0.95006237]
 [0.         0.94521492]
 [0.         0.39422269]
 [0.         0.34238744]
 [0.         0.53206767]
 [0.42300447 0.        ]
 [0.37513696 0.        ]
 [0.51259359 0.        ]
 [0.54022212 0.        ]
 [0.25327558 0.        ]
 [1.         0.39326737]
 [1.         0.69942523]
 [1.         0.78878791]
 [1.         0.39758325]
 [1.         0.41364807]]
sigma_init_yu: 0.28124312110875016	sigma_init_yf: 0.31253721284756075	sigma_init: 0.3083846486175195
new_sigma_init_yu: 0.28124312110875016	new_sigma_init_yf: 0.03838353852204681	new_sigma_init: 0.13415647746666645
Xu_noise: [[ 0.53441744 -0.01512023]
 [ 0.37383673  0.84915495]
 [ 0.61160043  0.25683977]
 [ 0.21138835  0.81214232]
 [ 0.47124844  0.27870854]]
Xu_noise shape: (5, 2)
adam
0.001000
1000
Initial loss: 55374.46780648926
Final loss: 14.437563501310855
init params: ((Array([0.28124312], dtype=float64), Array([0.35205239, 0.35127714], dtype=float64)),)
param_iter: ((Array([0.46993882], dtype=float64), Array([0.56732479, 0.12190218], dtype=float64)),)
start inference
#############################################
z_uncertain_list shape (5, 2)
z_uncertain_list [Array([-1.76454453, -1.51903835], dtype=float64), Array([-1.98821115,  0.95416878], dtype=float64), Array([-1.71451219, -1.88926965], dtype=float64), Array([-1.71825484, -1.25457576], dtype=float64), Array([ 0.34365003, -0.81738059], dtype=float64)]
#############################################
#############################################
#############################################
K shape: (60, 60)
K: [[ 2.20842492e-001  8.46956162e-091  2.18478724e-003 ... -1.28801218e-068
  -1.80371283e-083 -6.97642895e-061]
 [ 8.46956162e-091  2.20842492e-001  1.40456204e-119 ... -1.27530686e-005
  -1.22841086e-003 -8.23601682e-008]
 [ 2.18478724e-003  1.40456204e-119  2.20842492e-001 ... -1.86917878e-093
  -8.10865393e-111 -3.10231383e-084]
 ...
 [-1.28801218e-068 -1.27530686e-005 -1.86917878e-093 ...  2.12569336e+001
  -5.31597531e+000  8.92726776e-001]
 [-1.80371283e-083 -1.22841086e-003 -8.10865393e-111 ... -5.31597531e+000
   2.12569336e+001 -1.12403076e+000]
 [-6.97642895e-061 -8.23601682e-008 -3.10231383e-084 ...  8.92726776e-001
  -1.12403076e+000  2.12569336e+001]]
#############################################
#############################################
z_uncertain_list shape (5, 2)
z_uncertain_list [Traced<ConcreteArray([-1.76454453 -1.51903835], dtype=float64)>with<JVPTrace(level=2/0)> with
  primal = Array([-1.76454453, -1.51903835], dtype=float64)
  tangent = Traced<ShapedArray(float64[2])>with<JaxprTrace(level=1/0)> with
    pval = (ShapedArray(float64[2]), None)
    recipe = LambdaBinding(), Traced<ConcreteArray([-1.98821115  0.95416878], dtype=float64)>with<JVPTrace(level=2/0)> with
  primal = Array([-1.98821115,  0.95416878], dtype=float64)
  tangent = Traced<ShapedArray(float64[2])>with<JaxprTrace(level=1/0)> with
    pval = (ShapedArray(float64[2]), None)
    recipe = LambdaBinding(), Traced<ConcreteArray([-1.71451219 -1.88926965], dtype=float64)>with<JVPTrace(level=2/0)> with
  primal = Array([-1.71451219, -1.88926965], dtype=float64)
  tangent = Traced<ShapedArray(float64[2])>with<JaxprTrace(level=1/0)> with
    pval = (ShapedArray(float64[2]), None)
    recipe = LambdaBinding(), Traced<ConcreteArray([-1.71825484 -1.25457576], dtype=float64)>with<JVPTrace(level=2/0)> with
  primal = Array([-1.71825484, -1.25457576], dtype=float64)
  tangent = Traced<ShapedArray(float64[2])>with<JaxprTrace(level=1/0)> with
    pval = (ShapedArray(float64[2]), None)
    recipe = LambdaBinding(), Traced<ConcreteArray([ 0.34365003 -0.81738059], dtype=float64)>with<JVPTrace(level=2/0)> with
  primal = Array([ 0.34365003, -0.81738059], dtype=float64)
  tangent = Traced<ShapedArray(float64[2])>with<JaxprTrace(level=1/0)> with
    pval = (ShapedArray(float64[2]), None)
    recipe = LambdaBinding()]
#############################################
#############################################
#############################################
K shape: (60, 60)
K: Traced<ConcreteArray([[ 2.20842492e-001  8.46956162e-091  2.18478724e-003 ... -1.28801218e-068
  -1.80371283e-083 -6.97642895e-061]
 [ 8.46956162e-091  2.20842492e-001  1.40456204e-119 ... -1.27530686e-005
  -1.22841086e-003 -8.23601682e-008]
 [ 2.18478724e-003  1.40456204e-119  2.20842492e-001 ... -1.86917878e-093
  -8.10865393e-111 -3.10231383e-084]
 ...
 [-1.28801218e-068 -1.27530686e-005 -1.86917878e-093 ...  2.12569336e+001
  -5.31597531e+000  8.92726776e-001]
 [-1.80371283e-083 -1.22841086e-003 -8.10865393e-111 ... -5.31597531e+000
   2.12569336e+001 -1.12403076e+000]
 [-6.97642895e-061 -8.23601682e-008 -3.10231383e-084 ...  8.92726776e-001
  -1.12403076e+000  2.12569336e+001]], dtype=float64)>with<JVPTrace(level=2/0)> with
  primal = Array([[ 2.20842492e-001,  8.46956162e-091,  2.18478724e-003, ...,
        -1.28801218e-068, -1.80371283e-083, -6.97642895e-061],
       [ 8.46956162e-091,  2.20842492e-001,  1.40456204e-119, ...,
        -1.27530686e-005, -1.22841086e-003, -8.23601682e-008],
       [ 2.18478724e-003,  1.40456204e-119,  2.20842492e-001, ...,
        -1.86917878e-093, -8.10865393e-111, -3.10231383e-084],
       ...,
       [-1.28801218e-068, -1.27530686e-005, -1.86917878e-093, ...,
         2.12569336e+001, -5.31597531e+000,  8.92726776e-001],
       [-1.80371283e-083, -1.22841086e-003, -8.10865393e-111, ...,
        -5.31597531e+000,  2.12569336e+001, -1.12403076e+000],
       [-6.97642895e-061, -8.23601682e-008, -3.10231383e-084, ...,
         8.92726776e-001, -1.12403076e+000,  2.12569336e+001]],      dtype=float64)
  tangent = Traced<ShapedArray(float64[60,60])>with<JaxprTrace(level=1/0)> with
    pval = (ShapedArray(float64[60,60]), None)
    recipe = JaxprEqnRecipe(eqn_id=<object object at 0x7f6910042d10>, in_tracers=(Traced<ShapedArray(float64[5,5]):JaxprTrace(level=1/0)>, Traced<ShapedArray(float64[5,15]):JaxprTrace(level=1/0)>, Traced<ShapedArray(float64[5,40]):JaxprTrace(level=1/0)>, Traced<ShapedArray(float64[15,5]):JaxprTrace(level=1/0)>, Traced<ShapedArray(float64[40,5]):JaxprTrace(level=1/0)>, Traced<ConcreteArray([[0. 0. 0. 0. 0. 0. 0. 0. 0. 0. 0. 0. 0. 0. 0.]
 [0. 0. 0. 0. 0. 0. 0. 0. 0. 0. 0. 0. 0. 0. 0.]
 [0. 0. 0. 0. 0. 0. 0. 0. 0. 0. 0. 0. 0. 0. 0.]
 [0. 0. 0. 0. 0. 0. 0. 0. 0. 0. 0. 0. 0. 0. 0.]
 [0. 0. 0. 0. 0. 0. 0. 0. 0. 0. 0. 0. 0. 0. 0.]
 [0. 0. 0. 0. 0. 0. 0. 0. 0. 0. 0. 0. 0. 0. 0.]
 [0. 0. 0. 0. 0. 0. 0. 0. 0. 0. 0. 0. 0. 0. 0.]
 [0. 0. 0. 0. 0. 0. 0. 0. 0. 0. 0. 0. 0. 0. 0.]
 [0. 0. 0. 0. 0. 0. 0. 0. 0. 0. 0. 0. 0. 0. 0.]
 [0. 0. 0. 0. 0. 0. 0. 0. 0. 0. 0. 0. 0. 0. 0.]
 [0. 0. 0. 0. 0. 0. 0. 0. 0. 0. 0. 0. 0. 0. 0.]
 [0. 0. 0. 0. 0. 0. 0. 0. 0. 0. 0. 0. 0. 0. 0.]
 [0. 0. 0. 0. 0. 0. 0. 0. 0. 0. 0. 0. 0. 0. 0.]
 [0. 0. 0. 0. 0. 0. 0. 0. 0. 0. 0. 0. 0. 0. 0.]
 [0. 0. 0. 0. 0. 0. 0. 0. 0. 0. 0. 0. 0. 0. 0.]], dtype=float64):JaxprTrace(level=1/0)>, Traced<ConcreteArray([[0. 0. 0. 0. 0. 0. 0. 0. 0. 0. 0. 0. 0. 0. 0. 0. 0. 0. 0. 0. 0. 0. 0. 0.
  0. 0. 0. 0. 0. 0. 0. 0. 0. 0. 0. 0. 0. 0. 0. 0.]
 [0. 0. 0. 0. 0. 0. 0. 0. 0. 0. 0. 0. 0. 0. 0. 0. 0. 0. 0. 0. 0. 0. 0. 0.
  0. 0. 0. 0. 0. 0. 0. 0. 0. 0. 0. 0. 0. 0. 0. 0.]
 [0. 0. 0. 0. 0. 0. 0. 0. 0. 0. 0. 0. 0. 0. 0. 0. 0. 0. 0. 0. 0. 0. 0. 0.
  0. 0. 0. 0. 0. 0. 0. 0. 0. 0. 0. 0. 0. 0. 0. 0.]
 [0. 0. 0. 0. 0. 0. 0. 0. 0. 0. 0. 0. 0. 0. 0. 0. 0. 0. 0. 0. 0. 0. 0. 0.
  0. 0. 0. 0. 0. 0. 0. 0. 0. 0. 0. 0. 0. 0. 0. 0.]
 [0. 0. 0. 0. 0. 0. 0. 0. 0. 0. 0. 0. 0. 0. 0. 0. 0. 0. 0. 0. 0. 0. 0. 0.
  0. 0. 0. 0. 0. 0. 0. 0. 0. 0. 0. 0. 0. 0. 0. 0.]
 [0. 0. 0. 0. 0. 0. 0. 0. 0. 0. 0. 0. 0. 0. 0. 0. 0. 0. 0. 0. 0. 0. 0. 0.
  0. 0. 0. 0. 0. 0. 0. 0. 0. 0. 0. 0. 0. 0. 0. 0.]
 [0. 0. 0. 0. 0. 0. 0. 0. 0. 0. 0. 0. 0. 0. 0. 0. 0. 0. 0. 0. 0. 0. 0. 0.
  0. 0. 0. 0. 0. 0. 0. 0. 0. 0. 0. 0. 0. 0. 0. 0.]
 [0. 0. 0. 0. 0. 0. 0. 0. 0. 0. 0. 0. 0. 0. 0. 0. 0. 0. 0. 0. 0. 0. 0. 0.
  0. 0. 0. 0. 0. 0. 0. 0. 0. 0. 0. 0. 0. 0. 0. 0.]
 [0. 0. 0. 0. 0. 0. 0. 0. 0. 0. 0. 0. 0. 0. 0. 0. 0. 0. 0. 0. 0. 0. 0. 0.
  0. 0. 0. 0. 0. 0. 0. 0. 0. 0. 0. 0. 0. 0. 0. 0.]
 [0. 0. 0. 0. 0. 0. 0. 0. 0. 0. 0. 0. 0. 0. 0. 0. 0. 0. 0. 0. 0. 0. 0. 0.
  0. 0. 0. 0. 0. 0. 0. 0. 0. 0. 0. 0. 0. 0. 0. 0.]
 [0. 0. 0. 0. 0. 0. 0. 0. 0. 0. 0. 0. 0. 0. 0. 0. 0. 0. 0. 0. 0. 0. 0. 0.
  0. 0. 0. 0. 0. 0. 0. 0. 0. 0. 0. 0. 0. 0. 0. 0.]
 [0. 0. 0. 0. 0. 0. 0. 0. 0. 0. 0. 0. 0. 0. 0. 0. 0. 0. 0. 0. 0. 0. 0. 0.
  0. 0. 0. 0. 0. 0. 0. 0. 0. 0. 0. 0. 0. 0. 0. 0.]
 [0. 0. 0. 0. 0. 0. 0. 0. 0. 0. 0. 0. 0. 0. 0. 0. 0. 0. 0. 0. 0. 0. 0. 0.
  0. 0. 0. 0. 0. 0. 0. 0. 0. 0. 0. 0. 0. 0. 0. 0.]
 [0. 0. 0. 0. 0. 0. 0. 0. 0. 0. 0. 0. 0. 0. 0. 0. 0. 0. 0. 0. 0. 0. 0. 0.
  0. 0. 0. 0. 0. 0. 0. 0. 0. 0. 0. 0. 0. 0. 0. 0.]
 [0. 0. 0. 0. 0. 0. 0. 0. 0. 0. 0. 0. 0. 0. 0. 0. 0. 0. 0. 0. 0. 0. 0. 0.
  0. 0. 0. 0. 0. 0. 0. 0. 0. 0. 0. 0. 0. 0. 0. 0.]], dtype=float64):JaxprTrace(level=1/0)>, Traced<ConcreteArray([[0. 0. 0. 0. 0. 0. 0. 0. 0. 0. 0. 0. 0. 0. 0.]
 [0. 0. 0. 0. 0. 0. 0. 0. 0. 0. 0. 0. 0. 0. 0.]
 [0. 0. 0. 0. 0. 0. 0. 0. 0. 0. 0. 0. 0. 0. 0.]
 [0. 0. 0. 0. 0. 0. 0. 0. 0. 0. 0. 0. 0. 0. 0.]
 [0. 0. 0. 0. 0. 0. 0. 0. 0. 0. 0. 0. 0. 0. 0.]
 [0. 0. 0. 0. 0. 0. 0. 0. 0. 0. 0. 0. 0. 0. 0.]
 [0. 0. 0. 0. 0. 0. 0. 0. 0. 0. 0. 0. 0. 0. 0.]
 [0. 0. 0. 0. 0. 0. 0. 0. 0. 0. 0. 0. 0. 0. 0.]
 [0. 0. 0. 0. 0. 0. 0. 0. 0. 0. 0. 0. 0. 0. 0.]
 [0. 0. 0. 0. 0. 0. 0. 0. 0. 0. 0. 0. 0. 0. 0.]
 [0. 0. 0. 0. 0. 0. 0. 0. 0. 0. 0. 0. 0. 0. 0.]
 [0. 0. 0. 0. 0. 0. 0. 0. 0. 0. 0. 0. 0. 0. 0.]
 [0. 0. 0. 0. 0. 0. 0. 0. 0. 0. 0. 0. 0. 0. 0.]
 [0. 0. 0. 0. 0. 0. 0. 0. 0. 0. 0. 0. 0. 0. 0.]
 [0. 0. 0. 0. 0. 0. 0. 0. 0. 0. 0. 0. 0. 0. 0.]
 [0. 0. 0. 0. 0. 0. 0. 0. 0. 0. 0. 0. 0. 0. 0.]
 [0. 0. 0. 0. 0. 0. 0. 0. 0. 0. 0. 0. 0. 0. 0.]
 [0. 0. 0. 0. 0. 0. 0. 0. 0. 0. 0. 0. 0. 0. 0.]
 [0. 0. 0. 0. 0. 0. 0. 0. 0. 0. 0. 0. 0. 0. 0.]
 [0. 0. 0. 0. 0. 0. 0. 0. 0. 0. 0. 0. 0. 0. 0.]
 [0. 0. 0. 0. 0. 0. 0. 0. 0. 0. 0. 0. 0. 0. 0.]
 [0. 0. 0. 0. 0. 0. 0. 0. 0. 0. 0. 0. 0. 0. 0.]
 [0. 0. 0. 0. 0. 0. 0. 0. 0. 0. 0. 0. 0. 0. 0.]
 [0. 0. 0. 0. 0. 0. 0. 0. 0. 0. 0. 0. 0. 0. 0.]
 [0. 0. 0. 0. 0. 0. 0. 0. 0. 0. 0. 0. 0. 0. 0.]
 [0. 0. 0. 0. 0. 0. 0. 0. 0. 0. 0. 0. 0. 0. 0.]
 [0. 0. 0. 0. 0. 0. 0. 0. 0. 0. 0. 0. 0. 0. 0.]
 [0. 0. 0. 0. 0. 0. 0. 0. 0. 0. 0. 0. 0. 0. 0.]
 [0. 0. 0. 0. 0. 0. 0. 0. 0. 0. 0. 0. 0. 0. 0.]
 [0. 0. 0. 0. 0. 0. 0. 0. 0. 0. 0. 0. 0. 0. 0.]
 [0. 0. 0. 0. 0. 0. 0. 0. 0. 0. 0. 0. 0. 0. 0.]
 [0. 0. 0. 0. 0. 0. 0. 0. 0. 0. 0. 0. 0. 0. 0.]
 [0. 0. 0. 0. 0. 0. 0. 0. 0. 0. 0. 0. 0. 0. 0.]
 [0. 0. 0. 0. 0. 0. 0. 0. 0. 0. 0. 0. 0. 0. 0.]
 [0. 0. 0. 0. 0. 0. 0. 0. 0. 0. 0. 0. 0. 0. 0.]
 [0. 0. 0. 0. 0. 0. 0. 0. 0. 0. 0. 0. 0. 0. 0.]
 [0. 0. 0. 0. 0. 0. 0. 0. 0. 0. 0. 0. 0. 0. 0.]
 [0. 0. 0. 0. 0. 0. 0. 0. 0. 0. 0. 0. 0. 0. 0.]
 [0. 0. 0. 0. 0. 0. 0. 0. 0. 0. 0. 0. 0. 0. 0.]
 [0. 0. 0. 0. 0. 0. 0. 0. 0. 0. 0. 0. 0. 0. 0.]], dtype=float64):JaxprTrace(level=1/0)>, Traced<ConcreteArray([[0. 0. 0. ... 0. 0. 0.]
 [0. 0. 0. ... 0. 0. 0.]
 [0. 0. 0. ... 0. 0. 0.]
 ...
 [0. 0. 0. ... 0. 0. 0.]
 [0. 0. 0. ... 0. 0. 0.]
 [0. 0. 0. ... 0. 0. 0.]], dtype=float64):JaxprTrace(level=1/0)>), out_tracer_refs=[<weakref at 0x7f6908666d10; to 'JaxprTracer' at 0x7f6908666d60>], out_avals=[ShapedArray(float64[60,60])], primitive=pjit, params={'jaxpr': { lambda ; a:f64[5,5] b:f64[5,15] c:f64[5,40] d:f64[15,5] e:f64[40,5] f:f64[15,15]
    g:f64[15,40] h:f64[40,15] i:f64[40,40]. let
    j:f64[5,60] = concatenate[dimension=1] a b c
    k:f64[15,60] = concatenate[dimension=1] d f g
    l:f64[40,60] = concatenate[dimension=1] e h i
    m:f64[60,60] = concatenate[dimension=0] j k l
  in (m,) }, 'in_shardings': (UnspecifiedValue, UnspecifiedValue, UnspecifiedValue, UnspecifiedValue, UnspecifiedValue, UnspecifiedValue, UnspecifiedValue, UnspecifiedValue, UnspecifiedValue), 'out_shardings': (UnspecifiedValue,), 'resource_env': None, 'donated_invars': (False, False, False, False, False, False, False, False, False), 'name': 'block', 'keep_unused': False, 'inline': False}, effects=set(), source_info=SourceInfo(traceback=<jaxlib.xla_extension.Traceback object at 0x7f69086672f0>, name_stack=NameStack(stack=(Transform(name='jvp'),))))
#############################################
#############################################
z_uncertain_list shape (5, 2)
z_uncertain_list [Traced<ShapedArray(float64[2])>with<JVPTrace(level=5/0)> with
  primal = Traced<ShapedArray(float64[2])>with<DynamicJaxprTrace(level=3/0)>
  tangent = Traced<ShapedArray(float64[2])>with<JaxprTrace(level=4/0)> with
    pval = (ShapedArray(float64[2]), None)
    recipe = LambdaBinding(), Traced<ShapedArray(float64[2])>with<JVPTrace(level=5/0)> with
  primal = Traced<ShapedArray(float64[2])>with<DynamicJaxprTrace(level=3/0)>
  tangent = Traced<ShapedArray(float64[2])>with<JaxprTrace(level=4/0)> with
    pval = (ShapedArray(float64[2]), None)
    recipe = LambdaBinding(), Traced<ShapedArray(float64[2])>with<JVPTrace(level=5/0)> with
  primal = Traced<ShapedArray(float64[2])>with<DynamicJaxprTrace(level=3/0)>
  tangent = Traced<ShapedArray(float64[2])>with<JaxprTrace(level=4/0)> with
    pval = (ShapedArray(float64[2]), None)
    recipe = LambdaBinding(), Traced<ShapedArray(float64[2])>with<JVPTrace(level=5/0)> with
  primal = Traced<ShapedArray(float64[2])>with<DynamicJaxprTrace(level=3/0)>
  tangent = Traced<ShapedArray(float64[2])>with<JaxprTrace(level=4/0)> with
    pval = (ShapedArray(float64[2]), None)
    recipe = LambdaBinding(), Traced<ShapedArray(float64[2])>with<JVPTrace(level=5/0)> with
  primal = Traced<ShapedArray(float64[2])>with<DynamicJaxprTrace(level=3/0)>
  tangent = Traced<ShapedArray(float64[2])>with<JaxprTrace(level=4/0)> with
    pval = (ShapedArray(float64[2]), None)
    recipe = LambdaBinding()]
#############################################
#############################################
#############################################
K shape: (60, 60)
K: Traced<ShapedArray(float64[60,60])>with<JVPTrace(level=5/0)> with
  primal = Traced<ShapedArray(float64[60,60])>with<DynamicJaxprTrace(level=3/0)>
  tangent = Traced<ShapedArray(float64[60,60])>with<JaxprTrace(level=4/0)> with
    pval = (ShapedArray(float64[60,60]), None)
    recipe = JaxprEqnRecipe(eqn_id=<object object at 0x7f6908339100>, in_tracers=(Traced<ShapedArray(float64[5,5]):JaxprTrace(level=4/0)>, Traced<ShapedArray(float64[5,15]):JaxprTrace(level=4/0)>, Traced<ShapedArray(float64[5,40]):JaxprTrace(level=4/0)>, Traced<ShapedArray(float64[15,5]):JaxprTrace(level=4/0)>, Traced<ShapedArray(float64[40,5]):JaxprTrace(level=4/0)>, Traced<ShapedArray(float64[15,15]):JaxprTrace(level=4/0)>, Traced<ShapedArray(float64[15,40]):JaxprTrace(level=4/0)>, Traced<ShapedArray(float64[40,15]):JaxprTrace(level=4/0)>, Traced<ShapedArray(float64[40,40]):JaxprTrace(level=4/0)>), out_tracer_refs=[<weakref at 0x7f69082cea90; to 'JaxprTracer' at 0x7f69082cea40>], out_avals=[ShapedArray(float64[60,60])], primitive=pjit, params={'jaxpr': { lambda ; a:f64[5,5] b:f64[5,15] c:f64[5,40] d:f64[15,5] e:f64[40,5] f:f64[15,15]
    g:f64[15,40] h:f64[40,15] i:f64[40,40]. let
    j:f64[5,60] = concatenate[dimension=1] a b c
    k:f64[15,60] = concatenate[dimension=1] d f g
    l:f64[40,60] = concatenate[dimension=1] e h i
    m:f64[60,60] = concatenate[dimension=0] j k l
  in (m,) }, 'in_shardings': (UnspecifiedValue, UnspecifiedValue, UnspecifiedValue, UnspecifiedValue, UnspecifiedValue, UnspecifiedValue, UnspecifiedValue, UnspecifiedValue, UnspecifiedValue), 'out_shardings': (UnspecifiedValue,), 'resource_env': None, 'donated_invars': (False, False, False, False, False, False, False, False, False), 'name': 'block', 'keep_unused': False, 'inline': False}, effects=set(), source_info=SourceInfo(traceback=<jaxlib.xla_extension.Traceback object at 0x7f69082c8f30>, name_stack=NameStack(stack=(Transform(name='jvp'),))))
#############################################

                     mean       std    median      5.0%     95.0%     n_eff     r_hat
z_uncertain0[0]     -1.78      0.00     -1.78     -1.78     -1.78      3.14      2.11
z_uncertain0[1]     -1.38      0.00     -1.38     -1.38     -1.38      5.47      1.04
z_uncertain1[0]     -1.95      0.00     -1.95     -1.95     -1.95      3.15      2.21
z_uncertain1[1]      0.95      0.00      0.95      0.95      0.95      2.87      2.79
z_uncertain2[0]     -1.75      0.00     -1.75     -1.75     -1.75      3.05      2.21
z_uncertain2[1]     -1.85      0.00     -1.85     -1.85     -1.85      6.23      1.17
z_uncertain3[0]     -1.78      0.00     -1.78     -1.78     -1.78      3.43      1.87
z_uncertain3[1]     -1.38      0.00     -1.38     -1.38     -1.38     11.71      1.05
z_uncertain4[0]      0.37      0.00      0.37      0.37      0.37      4.53      1.18
z_uncertain4[1]     -0.81      0.00     -0.81     -0.81     -0.81      5.70      1.01

Number of divergences: 0
#############################################
Posterior samples keys: dict_keys(['z_uncertain0', 'z_uncertain1', 'z_uncertain2', 'z_uncertain3', 'z_uncertain4'])
#############################################
Script finished in 42 minutes and 23 seconds.
