hpc-node01
	Adding nVidia Cuda Toolkit 11.8
	Adding nVidia cuDNN 8.6 (.0.163)
	Adding nvtop
Mon Jun 17 15:05:56 2024       
+-----------------------------------------------------------------------------------------+
| NVIDIA-SMI 550.54.15              Driver Version: 550.54.15      CUDA Version: 12.4     |
|-----------------------------------------+------------------------+----------------------+
| GPU  Name                 Persistence-M | Bus-Id          Disp.A | Volatile Uncorr. ECC |
| Fan  Temp   Perf          Pwr:Usage/Cap |           Memory-Usage | GPU-Util  Compute M. |
|                                         |                        |               MIG M. |
|=========================================+========================+======================|
|   0  NVIDIA L40                     On  |   00000000:17:00.0 Off |                    0 |
| N/A   30C    P8             35W /  300W |       0MiB /  46068MiB |      0%      Default |
|                                         |                        |                  N/A |
+-----------------------------------------+------------------------+----------------------+
|   1  NVIDIA L40                     On  |   00000000:65:00.0 Off |                    0 |
| N/A   30C    P8             34W /  300W |       0MiB /  46068MiB |      0%      Default |
|                                         |                        |                  N/A |
+-----------------------------------------+------------------------+----------------------+
|   2  NVIDIA L40                     On  |   00000000:CA:00.0 Off |                    0 |
| N/A   31C    P8             35W /  300W |       0MiB /  46068MiB |      0%      Default |
|                                         |                        |                  N/A |
+-----------------------------------------+------------------------+----------------------+
|   3  NVIDIA L40                     On  |   00000000:E3:00.0 Off |                    0 |
| N/A   32C    P8             35W /  300W |       0MiB /  46068MiB |      0%      Default |
|                                         |                        |                  N/A |
+-----------------------------------------+------------------------+----------------------+
                                                                                         
+-----------------------------------------------------------------------------------------+
| Processes:                                                                              |
|  GPU   GI   CI        PID   Type   Process name                              GPU Memory |
|        ID   ID                                                               Usage      |
|=========================================================================================|
|  No running processes found                                                             |
+-----------------------------------------------------------------------------------------+
Date              = Mon Jun 17 15:05:57 CEST 2024
Hostname          = hpc-node01
Working Directory = /local/293759
Number of nodes used        : 1
Number of MPI tasks         : 1
Number of threads           : 16
Number of MPI tasks per node: 1
Number of threads per core  : 
Name of nodes used          : hpc-node01
Gpu devices                 : 2
Starting worker: 
Xu_fixed:  [[0.         0.95006237]
 [0.         0.94521492]
 [0.         0.39422269]
 [0.         0.34238744]
 [0.         0.53206767]
 [0.42300447 0.        ]
 [0.37513696 0.        ]
 [0.51259359 0.        ]
 [0.54022212 0.        ]
 [0.25327558 0.        ]
 [1.         0.39326737]
 [1.         0.69942523]
 [1.         0.78878791]
 [1.         0.39758325]
 [1.         0.41364807]]
sigma_init_yu: 0.38241191379969613	sigma_init_yf: 16.88708019124114	sigma_init: 9.871917256801295
new_sigma_init_yu: 0.38241191379969613	new_sigma_init_yf: 0.8797080892447446	new_sigma_init: 0.7973426254682987
Xu_noise: [[ 0.53441744 -0.01512023]
 [ 0.37383673  0.84915495]
 [ 0.61160043  0.25683977]
 [ 0.21138835  0.81214232]
 [ 0.47124844  0.27870854]]
Xu_noise shape: (5, 2)
adam
0.001000
1000
init params: ((Array([0.38241191], dtype=float64), Array([0.39259103, 0.37916051], dtype=float64)),)
param_iter: ((Array([0.53077808], dtype=float64), Array([0.25342364, 0.03399763], dtype=float64)),)
Xtest: [[0.1908264  0.48849989]
 [0.07825384 0.85630144]
 [0.18334447 0.22304073]
 [0.61240478 0.79431405]
 [0.64428988 0.96830224]
 [0.04491245 0.41004453]
 [0.7685259  0.25772653]
 [0.59791148 0.98907571]
 [0.36912182 0.9267095 ]
 [0.07532476 0.81551267]
 [0.10457715 0.086046  ]
 [0.71904592 0.37837003]
 [0.75998693 0.8310143 ]
 [0.68888373 0.44819622]
 [0.9318563  0.62677194]
 [0.34785052 0.23312682]
 [0.91602717 0.39020735]
 [0.62954096 0.80856962]
 [0.48391098 0.81308103]
 [0.5317282  0.25163368]
 [0.76019908 0.35689429]
 [0.60764026 0.25400135]
 [0.63900018 0.3570089 ]
 [0.36251013 0.83736893]
 [0.74848263 0.31127365]
 [0.66440799 0.67357645]
 [0.76645441 0.06926692]
 [0.07129148 0.997201  ]
 [0.89635342 0.92187931]
 [0.48233629 0.36921005]]
y_pred: [[  0.40267008]
 [ -0.17292848]
 [  2.5619905 ]
 [ -1.77950551]
 [ -5.00027385]
 [ -3.53473808]
 [  2.31999602]
 [ -3.62137651]
 [  0.11245957]
 [  8.65474893]
 [ -0.17382041]
 [ -1.84125352]
 [ -1.13739043]
 [ -0.17010572]
 [  0.07246869]
 [  4.20075678]
 [-14.42438798]
 [ -1.70283442]
 [ -2.42110425]
 [  2.89307469]
 [  2.22819087]
 [  2.73187322]
 [  7.54908217]
 [  1.2782871 ]
 [  1.41081402]
 [ -1.44777426]
 [ -1.02463916]
 [ -0.66559077]
 [  1.31853603]
 [  4.33322738]]
Xtest - y_pred: [[-0.21184368  0.0858298 ]
 [ 0.25118232  1.02922992]
 [-2.37864604 -2.33894977]
 [ 2.39191029  2.57381955]
 [ 5.64456373  5.96857609]
 [ 3.57965053  3.94478261]
 [-1.55147012 -2.06226949]
 [ 4.21928799  4.61045221]
 [ 0.25666225  0.81424992]
 [-8.57942417 -7.83923625]
 [ 0.27839756  0.25986641]
 [ 2.56029945  2.21962355]
 [ 1.89737735  1.96840472]
 [ 0.85898944  0.61830194]
 [ 0.85938762  0.55430326]
 [-3.85290626 -3.96762996]
 [15.34041515 14.81459532]
 [ 2.33237538  2.51140404]
 [ 2.90501523  3.23418528]
 [-2.36134648 -2.64144101]
 [-1.46799179 -1.87129657]
 [-2.12423296 -2.47787187]
 [-6.91008199 -7.19207326]
 [-0.91577697 -0.44091817]
 [-0.66233138 -1.09954037]
 [ 2.11218225  2.12135071]
 [ 1.79109357  1.09390608]
 [ 0.73688225  1.66279177]
 [-0.42218261 -0.39665671]
 [-3.8508911  -3.96401733]]
y_cov: [[ 3.86891074e+02 -3.19143516e-06 -2.21116385e-02  2.21819154e-04
   4.88445061e-07 -5.64433097e+01  1.93426546e-02  1.30734319e-07
   2.00249980e-06 -7.81622275e-06  2.05672040e-09 -3.08168181e+00
  -4.32492770e-06 -3.37456743e+01  2.04756436e-02 -4.57133868e-03
  -2.75564626e-01  6.15815293e-05  6.95779756e-05  5.71442470e-02
  -1.24927149e+00  4.90443635e-02 -7.00310853e-01  7.08406207e-06
   2.76989905e-01  2.52940861e-03  4.77036849e-09  2.34173483e-08
   9.48502910e-07 -1.74760739e+00]
 [-3.19143516e-06  4.30782565e+02 -4.07733739e-12 -2.23446681e+01
  -2.26754022e+00 -4.18316217e-08  2.87495684e-12 -3.20691693e+00
  -5.32922959e+01  1.32611473e+01  1.52357597e-18 -2.72820478e-10
   8.81704912e+00  7.09754039e-09 -4.59091409e-04  1.15805426e-13
  -2.87322525e-11 -2.38191287e+01 -7.19957058e+01  1.40051228e-11
  -2.19683611e-10  1.13103696e-11 -5.83673258e-11 -5.42972605e+00
   5.31915457e-12 -3.73183455e-02  3.50780658e-18 -7.07106572e-01
  -1.49502956e+00  3.08185856e-10]
 [-2.21116385e-02 -4.07733739e-12  4.43655538e+02  2.86825395e-10
   6.23302073e-13  3.58336454e-01 -6.53072282e+00  1.66846856e-13
   2.55613568e-12 -9.98851372e-12 -1.80341887e+00  3.17935880e-02
  -5.65281725e-12 -1.69315450e-02  3.46996496e-08  1.98430040e+02
   1.40885849e-03  7.95169392e-11  8.93267857e-11 -7.52892695e+01
  -5.50904499e-02 -6.49440534e+01 -1.51024105e-01  9.03454764e-12
  -4.45600855e+00  3.56032455e-09 -1.83990341e+00  2.98954121e-14
   1.20939793e-12  1.81399167e-01]
 [ 2.21819154e-04 -2.23446681e+01  2.86825395e-10  4.22172177e+02
  -2.88094887e+00  2.94269737e-06 -2.02241584e-10 -6.75792649e-01
  -8.58108181e+00  2.92588626e+00 -1.07177826e-16  1.91918441e-08
  -1.76302999e+01 -5.01658163e-07  2.79582737e-01 -8.14647944e-12
   2.02116231e-09  3.35278930e+02  1.79803953e+02 -9.85207793e-10
   1.54538974e-08 -7.95641879e-10  4.10589839e-09 -6.84163205e+01
  -3.74152487e-10 -1.54971213e+00 -2.46760970e-16 -6.97783502e-02
  -7.50294522e+00 -2.16797366e-08]
 [ 4.88445061e-07 -2.26754022e+00  6.23302073e-13 -2.88094887e+00
   3.89357417e+02  6.39479502e-09 -4.39494120e-13  2.34547996e+02
  -6.48783276e+01  8.96758876e-03 -2.32908868e-19  4.17060216e-11
  -4.73327148e+00 -1.08515030e-09 -2.60896018e-03 -1.77031621e-14
   4.39228517e-12 -3.97096252e+00 -3.64830066e+00 -2.14096141e-12
   3.35830025e-11 -1.72901478e-12  8.92260154e-12  3.23961709e+00
  -8.13131924e-13  6.68393556e-03 -5.36237953e-19 -2.00843368e+01
  -5.93650539e+01 -4.71123376e-11]
 [-5.64433097e+01 -4.18316217e-08  3.58336454e-01  2.94269737e-06
   6.39479502e-09  4.29463449e+02 -8.54008292e-02  1.71177265e-09
   2.62247862e-08 -1.02477594e-07  2.17507620e-07  1.36909637e+01
  -5.79953137e-08  7.96711000e+00  3.55634692e-04  2.71714635e-01
  -1.51263153e+00  8.15807438e-07  9.16452030e-07 -1.67960917e-01
   8.00393618e+00 -2.20282751e-01 -4.03749625e+00  9.26903392e-08
  -1.78838042e-01  3.65272581e-05  4.98778048e-07  3.06713294e-10
   1.24078713e-08 -6.92349733e+01]
 [ 1.93426546e-02  2.87495684e-12 -6.53072282e+00 -2.02241584e-10
  -4.39494120e-13 -8.54008292e-02  4.44515972e+02 -1.17644738e-13
  -1.80234678e-12  7.04297000e-12 -7.24925658e-01 -4.21623890e+00
   3.98580437e-12 -1.94980099e-02  5.16902658e-08 -6.37055626e+01
  -6.53279836e-01 -5.60677034e-11 -6.29848433e-11  8.05509065e+01
  -2.31083944e+01  2.31994381e+02 -2.12939460e+01 -6.37032520e-12
  -4.60716623e+01 -2.50706465e-09 -1.66454074e+00 -2.10794356e-14
  -8.52754146e-13 -6.26177703e+00]
 [ 1.30734319e-07 -3.20691693e+00  1.66846856e-13 -6.75792649e-01
   2.34547996e+02  1.71177265e-09 -1.17644738e-13  4.11109716e+02
  -6.37974010e+01 -1.62743965e-02 -6.23455526e-20  1.11639584e-11
  -9.31664584e-01 -2.90491304e-10 -6.43342646e-04 -4.73882098e-15
   1.17573626e-12 -9.15570644e-01 -8.54645530e-01 -5.73097209e-13
   8.98957111e-12 -4.62826440e-13  2.38842126e-12  6.74162969e-01
  -2.17660771e-13  1.79106904e-03 -1.43541342e-19 -2.46326146e+01
  -4.76448197e+01 -1.26111332e-11]
 [ 2.00249980e-06 -5.32922959e+01  2.55613568e-12 -8.58108181e+00
  -6.48783276e+01  2.62247862e-08 -1.80234678e-12 -6.37974010e+01
   4.18778916e+02 -3.41377966e-01 -9.55149499e-19  1.71034635e-10
  -2.15442256e+01 -4.45084461e-09 -8.31746093e-03 -7.25999261e-14
   1.80125687e-11 -1.38963024e+01 -1.74213062e+01 -8.77999298e-12
   1.37722481e-10 -7.09061711e-12  3.65912090e-11 -2.73877723e+01
  -3.33461333e-12  2.74944162e-02 -2.19908935e-18 -4.85640523e+01
  -1.81484556e+01 -1.93205726e-10]
 [-7.81622275e-06  1.32611473e+01 -9.98851372e-12  2.92588626e+00
   8.96758876e-03 -1.02477594e-07  7.04297000e-12 -1.62743965e-02
  -3.41377966e-01  3.23599370e+00  3.73240149e-18 -6.68346036e-10
   1.28717964e+00  1.73758169e-08  1.31730020e-02  2.83695933e-13
  -7.03874708e-11  3.16450675e+00  1.95172069e-01  3.43092438e-11
  -5.38173082e-10  2.77077356e-11 -1.42986300e-10 -2.92579819e+00
   1.30308383e-11 -7.10288874e-02  8.59329811e-18 -1.17838348e-02
   3.44122353e-02  7.54982470e-10]
 [ 2.05672040e-09  1.52357597e-18 -1.80341887e+00 -1.07177826e-16
  -2.32908868e-19  2.17507620e-07 -7.24925658e-01 -6.23455526e-20
  -9.55149499e-19  3.73240149e-18  4.46453865e+02 -1.12923545e-06
   2.11228325e-18  2.50064347e-10 -1.04008023e-14 -1.55849624e+00
  -5.68320007e-08 -2.97130351e-17 -3.33786794e-17 -9.49940546e-01
  -3.62140192e-05 -8.81155500e-01 -3.96891499e-05 -3.37593373e-18
  -1.23221498e-02 -1.33027001e-15  2.37588544e+01 -1.11709985e-20
  -4.51914922e-19 -4.93295086e-06]
 [-3.08168181e+00 -2.72820478e-10  3.17935880e-02  1.91918441e-08
   4.17060216e-11  1.36909637e+01 -4.21623890e+00  1.11639584e-11
   1.71034635e-10 -6.68346036e-10 -1.12923545e-06  3.75576635e+02
  -3.78236037e-10 -4.33798488e+01 -2.44744983e-06 -5.40861186e-02
  -1.70370494e+01  5.32057939e-09  5.97697994e-09 -1.95594965e+00
   2.59607434e+02 -2.92384884e+00  2.39774017e+02  6.04514968e-10
  -4.92469379e+01  2.38014518e-07 -2.59234627e-06  2.00034403e-12
   8.09225373e-11  8.15143154e+01]
 [-4.32492770e-06  8.81704912e+00 -5.65281725e-12 -1.76302999e+01
  -4.73327148e+00 -5.79953137e-08  3.98580437e-12 -9.31664584e-01
  -2.15442256e+01  1.28717964e+00  2.11228325e-18 -3.78236037e-10
   4.02322129e+02  9.97328769e-09 -5.93414834e-01  1.60552584e-13
  -3.98329073e-11  1.23425898e+02 -3.60158243e+01  1.94166879e-11
  -3.04568340e-10  1.56806791e-11 -8.09193180e-11 -3.15835642e+01
   7.37330412e-12 -1.36686252e-01  4.86321735e-18 -7.64388625e-02
  -4.21690853e+01  4.27269447e-10]
 [-3.37456743e+01  7.09754039e-09 -1.69315450e-02 -5.01658163e-07
  -1.08515030e-09  7.96711000e+00 -1.94980099e-02 -2.90491304e-10
  -4.45084461e-09  1.73758169e-08  2.50064347e-10 -4.33798488e+01
   9.97328769e-09  4.13289220e+02 -4.31378432e-03 -3.82349515e-03
  -5.21858012e+00 -1.38955909e-07 -1.55624244e-07  4.11856213e-02
  -2.02881230e+01  3.09999176e-02 -2.54730815e+01 -1.56987549e-08
  -1.81156948e+00 -8.89247512e-06  6.10992243e-10 -5.20585307e-11
  -2.10464958e-09 -4.79351931e+01]
 [ 2.04756436e-02 -4.59091409e-04  3.46996496e-08  2.79582737e-01
  -2.60896018e-03  3.55634692e-04  5.16902658e-08 -6.43342646e-04
  -8.31746093e-03  1.31730020e-02 -1.04008023e-14 -2.44744983e-06
  -5.93414834e-01 -4.31378432e-03  4.29761202e+02 -1.26245645e-09
  -3.97051561e-06 -3.56048139e-01 -4.39600331e-01 -1.12646846e-07
  -2.02547074e-08 -7.75953792e-08 -1.40322257e-06 -1.24934395e-01
   2.67030164e-06 -7.91359603e+01 -2.39638700e-14 -8.53203006e-05
  -8.09754143e-03 -3.88116550e-06]
 [-4.57133868e-03  1.15805426e-13  1.98430040e+02 -8.14647944e-12
  -1.77031621e-14  2.71714635e-01 -6.37055626e+01 -4.73882098e-15
  -7.25999261e-14  2.83695933e-13 -1.55849624e+00 -5.40861186e-02
   1.60552584e-13 -3.82349515e-03 -1.26245645e-09  4.34995727e+02
   2.41573498e-03 -2.25845796e-12 -2.53707898e-12  1.09285138e+02
  -1.06102973e+00 -8.33886380e+00 -1.97238133e+00 -2.56601183e-13
  -2.94161956e+01 -1.01131884e-10 -3.03741471e+00 -8.49096054e-16
  -3.43495847e-14 -7.50394505e-01]
 [-2.75564626e-01 -2.87322525e-11  1.40885849e-03  2.02116231e-09
   4.39228517e-12 -1.51263153e+00 -6.53279836e-01  1.17573626e-12
   1.80125687e-11 -7.03874708e-11 -5.68320007e-08 -1.70370494e+01
  -3.98329073e-11 -5.21858012e+00 -3.97051561e-06  2.41573498e-03
   3.05168951e+01  5.60330701e-10  6.29466859e-10 -1.53646756e-01
   2.32262249e+00 -3.03077560e-01 -2.12340942e+01  6.36651412e-11
  -1.61896691e+01  2.49046516e-08 -1.30462391e-07  2.10666851e-13
   8.52239656e-12  2.98738512e+00]
 [ 6.15815293e-05 -2.38191287e+01  7.95169392e-11  3.35278930e+02
  -3.97096252e+00  8.15807438e-07 -5.60677034e-11 -9.15570644e-01
  -1.38963024e+01  3.16450675e+00 -2.97130351e-17  5.32057939e-09
   1.23425898e+02 -1.38955909e-07 -3.56048139e-01 -2.25845796e-12
   5.60330701e-10  4.04432558e+02  2.32488148e+02 -2.73130310e-10
   4.28430284e-09 -2.20576735e-10  1.13828405e-09 -2.70971314e+01
  -1.03727889e-10 -3.75978633e-01 -6.84098345e-17 -9.14090600e-02
  -1.38769523e+01 -6.01029791e-09]
 [ 6.95779756e-05 -7.19957058e+01  8.93267857e-11  1.79803953e+02
  -3.64830066e+00  9.16452030e-07 -6.29848433e-11 -8.54645530e-01
  -1.74213062e+01  1.95172069e-01 -3.33786794e-17  5.97697994e-09
  -3.60158243e+01 -1.55624244e-07 -4.39600331e-01 -2.53707898e-12
   6.29466859e-10  2.32488148e+02  4.18600256e+02 -3.06825868e-10
   4.81285313e-09 -2.47788891e-10  1.27871696e-09  1.71024736e+02
  -1.16530938e-10  5.42186003e-02 -7.68494340e-17 -9.75840639e-02
  -1.14649301e+01 -6.75177276e-09]
 [ 5.71442470e-02  1.40051228e-11 -7.52892695e+01 -9.85207793e-10
  -2.14096141e-12 -1.67960917e-01  8.05509065e+01 -5.73097209e-13
  -8.77999298e-12  3.43092438e-11 -9.49940546e-01 -1.95594965e+00
   1.94166879e-11  4.11856213e-02 -1.12646846e-07  1.09285138e+02
  -1.53646756e-01 -2.73130310e-10 -3.06825868e-10  4.41682874e+02
  -1.17202104e+01  3.85755835e+02 -1.46071615e+01 -3.10324949e-11
  -8.41722785e+01 -1.22289626e-08 -2.16000393e+00 -1.02686845e-13
  -4.15412432e-12 -6.45336232e+00]
 [-1.24927149e+00 -2.19683611e-10 -5.50904499e-02  1.54538974e-08
   3.35830025e-11  8.00393618e+00 -2.31083944e+01  8.98957111e-12
   1.37722481e-10 -5.38173082e-10 -3.62140192e-05  2.59607434e+02
  -3.04568340e-10 -2.02881230e+01 -2.02547074e-08 -1.06102973e+00
   2.32262249e+00  4.28430284e-09  4.81285313e-09 -1.17202104e+01
   3.99781339e+02 -1.62795940e+01  3.02893998e+02  4.86774241e-10
  -4.86158931e+00  1.91745915e-07 -8.31359145e-05  1.61074011e-12
   6.51613706e-11  2.24405109e+01]
 [ 4.90443635e-02  1.13103696e-11 -6.49440534e+01 -7.95641879e-10
  -1.72901478e-12 -2.20282751e-01  2.31994381e+02 -4.62826440e-13
  -7.09061711e-12  2.77077356e-11 -8.81155500e-01 -2.92384884e+00
   1.56806791e-11  3.09999176e-02 -7.75953792e-08 -8.33886380e+00
  -3.03077560e-01 -2.20576735e-10 -2.47788891e-10  3.85755835e+02
  -1.62795940e+01  4.42591948e+02 -1.80563407e+01 -2.50614728e-11
  -7.54397200e+01 -9.87537975e-09 -2.01532966e+00 -8.29286655e-14
  -3.35482108e-12 -7.27129973e+00]
 [-7.00310853e-01 -5.83673258e-11 -1.51024105e-01  4.10589839e-09
   8.92260154e-12 -4.03749625e+00 -2.12939460e+01  2.38842126e-12
   3.65912090e-11 -1.42986300e-10 -3.96891499e-05  2.39774017e+02
  -8.09193180e-11 -2.54730815e+01 -1.40322257e-06 -1.97238133e+00
  -2.12340942e+01  1.13828405e-09  1.27871696e-09 -1.46071615e+01
   3.02893998e+02 -1.80563407e+01  3.99608454e+02  1.29330328e-10
  -2.65757227e+01  5.08781450e-08 -9.11138883e-05  4.27954278e-13
   1.73126016e-11  1.61712451e+02]
 [ 7.08406207e-06 -5.42972605e+00  9.03454764e-12 -6.84163205e+01
   3.23961709e+00  9.26903392e-08 -6.37032520e-12  6.74162969e-01
  -2.73877723e+01 -2.92579819e+00 -3.37593373e-18  6.04514968e-10
  -3.15835642e+01 -1.56987549e-08 -1.24934395e-01 -2.56601183e-13
   6.36651412e-11 -2.70971314e+01  1.71024736e+02 -3.10324949e-11
   4.86774241e-10 -2.50614728e-11  1.29330328e-10  4.26894036e+02
  -1.17864236e-11  4.99898269e-02 -7.77258421e-18 -2.31511336e-02
   1.22611936e+00 -6.82876786e-10]
 [ 2.76989905e-01  5.31915457e-12 -4.45600855e+00 -3.74152487e-10
  -8.13131924e-13 -1.78838042e-01 -4.60716623e+01 -2.17660771e-13
  -3.33461333e-12  1.30308383e-11 -1.23221498e-02 -4.92469379e+01
   7.37330412e-12 -1.81156948e+00  2.67030164e-06 -2.94161956e+01
  -1.61896691e+01 -1.03727889e-10 -1.16530938e-10 -8.41722785e+01
  -4.86158931e+00 -7.54397200e+01 -2.65757227e+01 -1.17864236e-11
   4.35686218e+02 -4.52535482e-09 -2.82876085e-02 -3.90001031e-14
  -1.57773465e-12 -8.19307048e+01]
 [ 2.52940861e-03 -3.73183455e-02  3.56032455e-09 -1.54971213e+00
   6.68393556e-03  3.65272581e-05 -2.50706465e-09  1.79106904e-03
   2.74944162e-02 -7.10288874e-02 -1.33027001e-15  2.38014518e-07
  -1.36686252e-01 -8.89247512e-06 -7.91359603e+01 -1.01131884e-10
   2.49046516e-08 -3.75978633e-01  5.42186003e-02 -1.22289626e-08
   1.91745915e-07 -9.87537975e-09  5.08781450e-08  4.99898269e-02
  -4.52535482e-09  3.72752617e+02 -3.06274920e-15  3.21959724e-04
   1.28896687e-02 -2.69168732e-07]
 [ 4.77036849e-09  3.50780658e-18 -1.83990341e+00 -2.46760970e-16
  -5.36237953e-19  4.98778048e-07 -1.66454074e+00 -1.43541342e-19
  -2.19908935e-18  8.59329811e-18  2.37588544e+01 -2.59234627e-06
   4.86321735e-18  6.10992243e-10 -2.39638700e-14 -3.03741471e+00
  -1.30462391e-07 -6.84098345e-17 -7.68494340e-17 -2.16000393e+00
  -8.31359145e-05 -2.01532966e+00 -9.11138883e-05 -7.77258421e-18
  -2.82876085e-02 -3.06274920e-15  4.24471292e+02 -2.57195590e-20
  -1.04046675e-18 -1.13251260e-05]
 [ 2.34173483e-08 -7.07106572e-01  2.98954121e-14 -6.97783502e-02
  -2.00843368e+01  3.06713294e-10 -2.10794356e-14 -2.46326146e+01
  -4.85640523e+01 -1.17838348e-02 -1.11709985e-20  2.00034403e-12
  -7.64388625e-02 -5.20585307e-11 -8.53203006e-05 -8.49096054e-16
   2.10666851e-13 -9.14090600e-02 -9.75840639e-02 -1.02686845e-13
   1.61074011e-12 -8.29286655e-14  4.27954278e-13 -2.31511336e-02
  -3.90001031e-14  3.21959724e-04 -2.57195590e-20  4.17775175e+02
   4.32294224e+00 -2.25964722e-12]
 [ 9.48502910e-07 -1.49502956e+00  1.20939793e-12 -7.50294522e+00
  -5.93650539e+01  1.24078713e-08 -8.52754146e-13 -4.76448197e+01
  -1.81484556e+01  3.44122353e-02 -4.51914922e-19  8.09225373e-11
  -4.21690853e+01 -2.10464958e-09 -8.09754143e-03 -3.43495847e-14
   8.52239656e-12 -1.38769523e+01 -1.14649301e+01 -4.15412432e-12
   6.51613706e-11 -3.35482108e-12  1.73126016e-11  1.22611936e+00
  -1.57773465e-12  1.28896687e-02 -1.04046675e-18  4.32294224e+00
   4.32758127e+02 -9.14124346e-11]
 [-1.74760739e+00  3.08185856e-10  1.81399167e-01 -2.16797366e-08
  -4.71123376e-11 -6.92349733e+01 -6.26177703e+00 -1.26111332e-11
  -1.93205726e-10  7.54982470e-10 -4.93295086e-06  8.15143154e+01
   4.27269447e-10 -4.79351931e+01 -3.88116550e-06 -7.50394505e-01
   2.98738512e+00 -6.01029791e-09 -6.75177276e-09 -6.45336232e+00
   2.24405109e+01 -7.27129973e+00  1.61712451e+02 -6.82876786e-10
  -8.19307048e+01 -2.69168732e-07 -1.13251260e-05 -2.25964722e-12
  -9.14124346e-11  3.72477907e+02]]
Script finished in 1 minutes and 21 seconds.
